C2324,0,0,INDIA,Total,Total,17070608,7915768,9154840,3141512,1292994,1848518,3010856,1234501,1776355,1159434,522808,636626,3401950,1769366,1632584,1183679,638600,545079,568346,303885,264461,2880603,1271412,1609191,1724228,882202,842026
C2324,0,0,INDIA,Total,Student,4638653,2637330,2001323,878129,483633,394496,978433,528517,449916,431538,248366,183172,670664,423843,246821,290279,173081,117198,52721,32015,20706,1078225,592357,485868,258664,155518,103146
C2324,0,0,INDIA,Total,Household_duties,2618327,223567,2394760,544773,36189,508584,568038,39451,528587,231928,19532,212396,456559,46477,410082,114125,17401,96724,67399,9007,58392,510355,36098,474257,125150,19412,105738
C2324,0,0,INDIA,Total,Dependent,7807540,3954788,3852752,1340195,590307,749888,1166652,518103,648549,388793,199067,189726,1693954,938328,755626,683401,391832,291569,378461,219728,158733,1019779,502183,517596,1136305,595240,541065
C2324,0,0,INDIA,Total,Pensioner,947169,525191,421978,210631,105158,105473,147974,80217,67757,39778,22978,16800,298382,181569,116813,24726,12805,11921,16163,8418,7745,92747,53409,39338,116768,60637,56131
C2324,0,0,INDIA,Total,Rentier,37492,22687,14805,7015,3874,3141,6476,3435,3041,1886,1081,805,10352,7145,3207,1785,1173,612,1327,906,421,4542,2565,1977,4109,2508,1601
C2324,0,0,INDIA,Total,Beggar _Vagrants_etc.,70506,43141,27365,11928,7489,4439,5720,2984,2736,2641,1474,1167,21489,14016,7473,5982,3681,2301,5588,3501,2087,7464,4363,3101,9694,5633,4061
C2324,0,0,INDIA,Total,Others,950921,509064,441857,148841,66344,82497,137563,61794,75769,62870,30310,32560,250550,157988,92562,63381,38627,24754,46687,30310,16377,167491,80437,87054,73538,43254,30284
C2324,0,0,INDIA,Rural,Total,11632238,5498547,6133691,2150937,899492,1251445,1950477,817884,1132593,737091,348446,388645,2500491,1319187,1181304,780779,420257,360522,374148,197936,176212,1859287,843936,1015351,1279028,651409,627619
C2324,0,0,INDIA,Rural,Student,3123846,1796009,1327837,566463,313826,252637,624801,340620,284181,286106,167693,118413,512262,326666,185596,202255,120343,81912,36520,22155,14365,713472,395070,318402,181967,109636,72331
C2324,0,0,INDIA,Rural,Household_duties,1579374,158487,1420887,323183,25650,297533,333910,27364,306546,124617,12167,112450,299675,35877,263798,72454,11997,60457,43862,6391,37471,297968,24553,273415,83705,14488,69217
C2324,0,0,INDIA,Rural,Dependent,5576130,2832871,2743259,994101,438589,555512,803990,363098,440892,265853,139014,126839,1277474,707661,569813,443366,252489,190877,248710,142566,106144,682367,342568,339799,860269,446886,413383
C2324,0,0,INDIA,Rural,Pensioner,685816,354755,331061,159814,73427,86387,98641,48060,50581,20953,10706,10247,223606,130077,93529,18614,9163,9451,11439,5622,5817,58669,31086,27583,94080,46614,47466
C2324,0,0,INDIA,Rural,Rentier,14917,8853,6064,3012,1619,1393,2272,1190,1082,586,337,249,4163,2820,1343,745,460,285,487,318,169,1589,894,695,2063,1215,848
C2324,0,0,INDIA,Rural,Beggar _Vagrants_etc.,43380,26215,17165,8392,5186,3206,3686,1788,1898,1629,829,800,11100,7358,3742,4142,2512,1630,3686,2295,1391,3766,2251,1515,6979,3996,2983
C2324,0,0,INDIA,Rural,Others,608775,321357,287418,95972,41195,54777,83177,35764,47413,37347,17700,19647,172211,108728,63483,39203,23293,15910,29444,18589,10855,101456,47514,53942,49965,28574,21391
C2324,0,0,INDIA,Urban,Total,5438370,2417221,3021149,990575,393502,597073,1060379,416617,643762,422343,174362,247981,901459,450179,451280,402900,218343,184557,194198,105949,88249,1021316,427476,593840,445200,230793,214407
C2324,0,0,INDIA,Urban,Student,1514807,841321,673486,311666,169807,141859,353632,187897,165735,145432,80673,64759,158402,97177,61225,88024,52738,35286,16201,9860,6341,364753,197287,167466,76697,45882,30815
C2324,0,0,INDIA,Urban,Household_duties,1038953,65080,973873,221590,10539,211051,234128,12087,222041,107311,7365,99946,156884,10600,146284,41671,5404,36267,23537,2616,20921,212387,11545,200842,41445,4924,36521
C2324,0,0,INDIA,Urban,Dependent,2231410,1121917,1109493,346094,151718,194376,362662,155005,207657,122940,60053,62887,416480,230667,185813,240035,139343,100692,129751,77162,52589,337412,159615,177797,276036,148354,127682
C2324,0,0,INDIA,Urban,Pensioner,261353,170436,90917,50817,31731,19086,49333,32157,17176,18825,12272,6553,74776,51492,23284,6112,3642,2470,4724,2796,1928,34078,22323,11755,22688,14023,8665
C2324,0,0,INDIA,Urban,Rentier,22575,13834,8741,4003,2255,1748,4204,2245,1959,1300,744,556,6189,4325,1864,1040,713,327,840,588,252,2953,1671,1282,2046,1293,753
C2324,0,0,INDIA,Urban,Beggar _Vagrants_etc.,27126,16926,10200,3536,2303,1233,2034,1196,838,1012,645,367,10389,6658,3731,1840,1169,671,1902,1206,696,3698,2112,1586,2715,1637,1078
C2324,0,0,INDIA,Urban,Others,342146,187707,154439,52869,25149,27720,54386,26030,28356,25523,12610,12913,78339,49260,29079,24178,15334,8844,17243,11721,5522,66035,32923,33112,23573,14680,8893
C2324,1,0,JK,Total,Total,239621,110886,128735,44167,18796,25371,44241,18929,25312,12133,6098,6035,38814,19545,19269,12744,6793,5951,10961,5432,5529,41101,17567,23534,35460,17726,17734
C2324,1,0,JK,Total,Student,59733,34227,25506,11780,6547,5233,13225,7322,5903,4453,2860,1593,7667,4749,2918,2798,1637,1161,1963,1142,821,13760,7523,6237,4087,2447,1640
C2324,1,0,JK,Total,Household_duties,39689,4721,34968,8297,822,7475,8229,843,7386,2007,234,1773,5965,855,5110,1649,266,1383,1743,254,1489,8016,671,7345,3783,776,3007
C2324,1,0,JK,Total,Dependent,113412,57086,56326,19292,8845,10447,18305,8470,9835,4519,2401,2118,19778,10558,9220,7064,4150,2914,5782,3181,2601,14475,7019,7456,24197,12462,11735
C2324,1,0,JK,Total,Pensioner,7688,5670,2018,1827,1287,540,1424,1066,358,227,175,52,1708,1279,429,176,139,37,245,192,53,1051,812,239,1030,720,310
C2324,1,0,JK,Total,Rentier,214,151,63,42,30,12,32,19,13,5,2,3,42,33,9,13,10,3,13,10,3,20,16,4,47,31,16
C2324,1,0,JK,Total,Beggar _Vagrants_etc.,834,603,231,124,85,39,100,69,31,27,18,9,168,129,39,70,49,21,66,50,16,89,60,29,190,143,47
C2324,1,0,JK,Total,Others,18051,8428,9623,2805,1180,1625,2926,1140,1786,895,408,487,3486,1942,1544,974,542,432,1149,603,546,3690,1466,2224,2126,1147,979
C2324,1,0,JK,Rural,Total,182583,85570,97013,33286,14412,18874,31942,13940,18002,9594,4908,4686,31589,15989,15600,9183,4881,4302,7955,3855,4100,30382,13150,17232,28652,14435,14217
C2324,1,0,JK,Rural,Student,45512,26456,19056,8679,4904,3775,9462,5308,4154,3587,2355,1232,6522,4039,2483,2064,1236,828,1462,846,616,10362,5727,4635,3374,2041,1333
C2324,1,0,JK,Rural,Household_duties,29271,3813,25458,5865,675,5190,5744,642,5102,1575,195,1380,4917,727,4190,1238,213,1025,1337,206,1131,5648,534,5114,2947,621,2326
C2324,1,0,JK,Rural,Dependent,88569,44898,43671,15336,7105,8231,13679,6466,7213,3605,1938,1667,16024,8655,7369,5020,2918,2102,4156,2211,1945,11048,5389,5659,19701,10216,9485
C2324,1,0,JK,Rural,Pensioner,5206,3734,1472,1206,803,403,903,661,242,152,116,36,1255,942,313,111,84,27,162,128,34,642,475,167,775,525,250
C2324,1,0,JK,Rural,Rentier,121,88,33,25,21,4,13,7,6,3,1,2,24,20,4,10,8,2,6,5,1,9,7,2,31,19,12
C2324,1,0,JK,Rural,Beggar _Vagrants_etc.,702,509,193,106,75,31,89,61,28,22,14,8,139,105,34,57,42,15,48,38,10,73,46,27,168,128,40
C2324,1,0,JK,Rural,Others,13202,6072,7130,2069,829,1240,2052,795,1257,650,289,361,2708,1501,1207,683,380,303,784,421,363,2600,972,1628,1656,885,771
C2324,1,0,JK,Urban,Total,57038,25316,31722,10881,4384,6497,12299,4989,7310,2539,1190,1349,7225,3556,3669,3561,1912,1649,3006,1577,1429,10719,4417,6302,6808,3291,3517
C2324,1,0,JK,Urban,Student,14221,7771,6450,3101,1643,1458,3763,2014,1749,866,505,361,1145,710,435,734,401,333,501,296,205,3398,1796,1602,713,406,307
C2324,1,0,JK,Urban,Household_duties,10418,908,9510,2432,147,2285,2485,201,2284,432,39,393,1048,128,920,411,53,358,406,48,358,2368,137,2231,836,155,681
C2324,1,0,JK,Urban,Dependent,24843,12188,12655,3956,1740,2216,4626,2004,2622,914,463,451,3754,1903,1851,2044,1232,812,1626,970,656,3427,1630,1797,4496,2246,2250
C2324,1,0,JK,Urban,Pensioner,2482,1936,546,621,484,137,521,405,116,75,59,16,453,337,116,65,55,10,83,64,19,409,337,72,255,195,60
C2324,1,0,JK,Urban,Rentier,93,63,30,17,9,8,19,12,7,2,1,1,18,13,5,3,2,1,7,5,2,11,9,2,16,12,4
C2324,1,0,JK,Urban,Beggar _Vagrants_etc.,132,94,38,18,10,8,11,8,3,5,4,1,29,24,5,13,7,6,18,12,6,16,14,2,22,15,7
C2324,1,0,JK,Urban,Others,4849,2356,2493,736,351,385,874,345,529,245,119,126,778,441,337,291,162,129,365,182,183,1090,494,596,470,262,208
C2324,2,0,HP,Total,Total,86399,42590,43809,14016,6086,7930,13051,5668,7383,4302,2298,2004,18015,9391,8624,6153,3501,2652,3572,2021,1551,12950,6158,6792,14340,7467,6873
C2324,2,0,HP,Total,Student,18758,10724,8034,3099,1700,1399,3068,1624,1444,1691,1014,677,2335,1460,875,1662,967,695,336,193,143,5074,2799,2275,1493,967,526
C2324,2,0,HP,Total,Household_duties,9458,1255,8203,1681,194,1487,1854,192,1662,472,63,409,1942,302,1640,535,121,414,369,64,305,1888,175,1713,717,144,573
C2324,2,0,HP,Total,Dependent,42496,21219,21277,6364,2665,3699,5395,2285,3110,1600,900,700,9457,4790,4667,3401,2068,1333,2379,1421,958,4090,2105,1985,9810,4985,4825
C2324,2,0,HP,Total,Pensioner,11006,6678,4328,2273,1255,1018,2176,1294,882,320,213,107,3005,1985,1020,206,119,87,202,126,76,1000,626,374,1824,1060,764
C2324,2,0,HP,Total,Rentier,115,76,39,24,14,10,21,16,5,5,4,1,29,18,11,3,1,2,4,4,0,14,8,6,15,11,4
C2324,2,0,HP,Total,Beggar _Vagrants_etc.,148,112,36,13,11,2,5,3,2,2,1,1,50,39,11,11,7,4,21,15,6,20,17,3,26,19,7
C2324,2,0,HP,Total,Others,4418,2526,1892,562,247,315,532,254,278,212,103,109,1197,797,400,335,218,117,261,198,63,864,428,436,455,281,174
C2324,2,0,HP,Rural,Total,78159,38766,39393,12804,5550,7254,11416,5023,6393,3801,2075,1726,16718,8765,7953,5456,3128,2328,3227,1808,1419,11309,5480,5829,13428,6937,6491
C2324,2,0,HP,Rural,Student,16328,9380,6948,2703,1474,1229,2510,1347,1163,1466,914,552,2154,1348,806,1477,859,618,298,170,128,4438,2472,1966,1282,796,486
C2324,2,0,HP,Rural,Household_duties,7983,1156,6827,1448,176,1272,1507,177,1330,387,56,331,1719,283,1436,455,108,347,334,63,271,1489,154,1335,644,139,505
C2324,2,0,HP,Rural,Dependent,39661,19740,19921,6004,2496,3508,4942,2096,2846,1471,821,650,8967,4544,4423,3032,1854,1178,2179,1288,891,3743,1916,1827,9323,4725,4598
C2324,2,0,HP,Rural,Pensioner,10183,6160,4023,2139,1179,960,1989,1175,814,295,194,101,2775,1837,938,175,102,73,176,106,70,894,563,331,1740,1004,736
C2324,2,0,HP,Rural,Rentier,69,49,20,17,11,6,11,9,2,2,2,0,13,11,2,3,1,2,2,2,0,10,5,5,11,8,3
C2324,2,0,HP,Rural,Beggar _Vagrants_etc.,70,55,15,7,6,1,1,1,0,1,0,1,14,13,1,9,6,3,14,10,4,11,10,1,13,9,4
C2324,2,0,HP,Rural,Others,3865,2226,1639,486,208,278,456,218,238,179,88,91,1076,729,347,305,198,107,224,169,55,724,360,364,415,256,159
C2324,2,0,HP,Urban,Total,8240,3824,4416,1212,536,676,1635,645,990,501,223,278,1297,626,671,697,373,324,345,213,132,1641,678,963,912,530,382
C2324,2,0,HP,Urban,Student,2430,1344,1086,396,226,170,558,277,281,225,100,125,181,112,69,185,108,77,38,23,15,636,327,309,211,171,40
C2324,2,0,HP,Urban,Household_duties,1475,99,1376,233,18,215,347,15,332,85,7,78,223,19,204,80,13,67,35,1,34,399,21,378,73,5,68
C2324,2,0,HP,Urban,Dependent,2835,1479,1356,360,169,191,453,189,264,129,79,50,490,246,244,369,214,155,200,133,67,347,189,158,487,260,227
C2324,2,0,HP,Urban,Pensioner,823,518,305,134,76,58,187,119,68,25,19,6,230,148,82,31,17,14,26,20,6,106,63,43,84,56,28
C2324,2,0,HP,Urban,Rentier,46,27,19,7,3,4,10,7,3,3,2,1,16,7,9,0,0,0,2,2,0,4,3,1,4,3,1
C2324,2,0,HP,Urban,Beggar _Vagrants_etc.,78,57,21,6,5,1,4,2,2,1,1,0,36,26,10,2,1,1,7,5,2,9,7,2,13,10,3
C2324,2,0,HP,Urban,Others,553,300,253,76,39,37,76,36,40,33,15,18,121,68,53,30,20,10,37,29,8,140,68,72,40,25,15
C2324,3,0,PUNJAB,Total,Total,437743,202928,234815,55688,23450,32238,92576,36111,56465,17290,8255,9035,83286,41798,41488,37580,21099,16481,18357,10568,7789,100139,43011,57128,32827,18636,14191
C2324,3,0,PUNJAB,Total,Student,104283,58969,45314,13140,7302,5838,28556,15467,13089,4885,2973,1912,11987,7331,4656,6040,3619,2421,1273,809,464,34351,18922,15429,4051,2546,1505
C2324,3,0,PUNJAB,Total,Household_duties,99789,9210,90579,13332,1023,12309,24703,1640,23063,4217,412,3805,19300,1975,17325,5754,1004,4750,3048,517,2531,25746,1984,23762,3689,655,3034
C2324,3,0,PUNJAB,Total,Dependent,177109,101860,75249,20869,10861,10008,29759,13997,15762,6450,3834,2616,35784,22296,13488,22972,14589,8383,11828,7728,4100,28297,15530,12767,21150,13025,8125
C2324,3,0,PUNJAB,Total,Pensioner,28637,16938,11699,5603,2901,2702,4991,2803,2188,719,454,265,8219,5209,3010,941,593,348,885,535,350,4859,3050,1809,2420,1393,1027
C2324,3,0,PUNJAB,Total,Rentier,986,690,296,157,96,61,168,95,73,36,23,13,301,227,74,46,35,11,64,55,9,140,105,35,74,54,20
C2324,3,0,PUNJAB,Total,Beggar _Vagrants_etc.,1296,825,471,89,69,20,92,63,29,34,20,14,391,269,122,49,38,11,59,41,18,444,244,200,138,81,57
C2324,3,0,PUNJAB,Total,Others,25643,14436,11207,2498,1198,1300,4307,2046,2261,949,539,410,7304,4491,2813,1778,1221,557,1200,883,317,6302,3176,3126,1305,882,423
C2324,3,0,PUNJAB,Rural,Total,289921,136521,153400,38008,16129,21879,53571,21122,32449,11461,5518,5943,60843,30921,29922,25008,14117,10891,12592,7227,5365,65182,28182,37000,23256,13305,9951
C2324,3,0,PUNJAB,Rural,Student,65360,37379,27981,8172,4558,3614,15585,8536,7049,3225,1997,1228,8700,5345,3355,4067,2457,1610,863,545,318,21938,12139,9799,2810,1802,1008
C2324,3,0,PUNJAB,Rural,Household_duties,65936,6509,59427,8821,751,8070,14342,1022,13320,2813,283,2530,13991,1503,12488,4001,700,3301,2132,375,1757,17315,1392,15923,2521,483,2038
C2324,3,0,PUNJAB,Rural,Dependent,118901,69961,48940,14696,7675,7021,17697,8632,9065,4300,2587,1713,26075,16529,9546,14988,9678,5310,8053,5278,2775,18057,10274,7783,15035,9308,5727
C2324,3,0,PUNJAB,Rural,Pensioner,22184,12722,9462,4590,2302,2288,3470,1821,1649,494,298,196,6540,4074,2466,773,481,292,713,418,295,3612,2220,1392,1992,1108,884
C2324,3,0,PUNJAB,Rural,Rentier,571,416,155,96,61,35,81,56,25,14,9,5,197,151,46,28,22,6,31,28,3,83,63,20,41,26,15
C2324,3,0,PUNJAB,Rural,Beggar _Vagrants_etc.,259,202,57,37,29,8,25,17,8,12,8,4,56,50,6,21,18,3,34,27,7,57,38,19,17,15,2
C2324,3,0,PUNJAB,Rural,Others,16710,9332,7378,1596,753,843,2371,1038,1333,603,336,267,5284,3269,2015,1130,761,369,766,556,210,4120,2056,2064,840,563,277
C2324,3,0,PUNJAB,Urban,Total,147822,66407,81415,17680,7321,10359,39005,14989,24016,5829,2737,3092,22443,10877,11566,12572,6982,5590,5765,3341,2424,34957,14829,20128,9571,5331,4240
C2324,3,0,PUNJAB,Urban,Student,38923,21590,17333,4968,2744,2224,12971,6931,6040,1660,976,684,3287,1986,1301,1973,1162,811,410,264,146,12413,6783,5630,1241,744,497
C2324,3,0,PUNJAB,Urban,Household_duties,33853,2701,31152,4511,272,4239,10361,618,9743,1404,129,1275,5309,472,4837,1753,304,1449,916,142,774,8431,592,7839,1168,172,996
C2324,3,0,PUNJAB,Urban,Dependent,58208,31899,26309,6173,3186,2987,12062,5365,6697,2150,1247,903,9709,5767,3942,7984,4911,3073,3775,2450,1325,10240,5256,4984,6115,3717,2398
C2324,3,0,PUNJAB,Urban,Pensioner,6453,4216,2237,1013,599,414,1521,982,539,225,156,69,1679,1135,544,168,112,56,172,117,55,1247,830,417,428,285,143
C2324,3,0,PUNJAB,Urban,Rentier,415,274,141,61,35,26,87,39,48,22,14,8,104,76,28,18,13,5,33,27,6,57,42,15,33,28,5
C2324,3,0,PUNJAB,Urban,Beggar _Vagrants_etc.,1037,623,414,52,40,12,67,46,21,22,12,10,335,219,116,28,20,8,25,14,11,387,206,181,121,66,55
C2324,3,0,PUNJAB,Urban,Others,8933,5104,3829,902,445,457,1936,1008,928,346,203,143,2020,1222,798,648,460,188,434,327,107,2182,1120,1062,465,319,146
C2324,4,0,CHANDIGARH,Total,Total,10155,4858,5297,1166,564,602,1600,548,1052,629,288,341,2308,1108,1200,988,601,387,641,346,295,1681,794,887,1142,609,533
C2324,4,0,CHANDIGARH,Total,Student,2840,1644,1196,407,265,142,511,228,283,255,150,105,477,291,186,269,175,94,91,57,34,611,348,263,219,130,89
C2324,4,0,CHANDIGARH,Total,Household_duties,1963,86,1877,259,9,250,474,14,460,136,5,131,494,16,478,60,10,50,99,7,92,335,12,323,106,13,93
C2324,4,0,CHANDIGARH,Total,Dependent,3876,2117,1759,318,159,159,387,157,230,170,87,83,821,443,378,602,376,226,376,224,152,540,308,232,662,363,299
C2324,4,0,CHANDIGARH,Total,Pensioner,822,578,244,115,89,26,163,124,39,30,24,6,303,200,103,8,4,4,21,14,7,95,69,26,87,54,33
C2324,4,0,CHANDIGARH,Total,Rentier,81,57,24,10,9,1,10,5,5,2,2,0,36,30,6,3,2,1,1,1,0,11,4,7,8,4,4
C2324,4,0,CHANDIGARH,Total,Beggar _Vagrants_etc.,33,28,5,6,6,0,1,0,1,1,1,0,16,16,0,3,1,2,2,2,0,2,2,0,2,0,2
C2324,4,0,CHANDIGARH,Total,Others,540,348,192,51,27,24,54,20,34,35,19,16,161,112,49,43,33,10,51,41,10,87,51,36,58,45,13
C2324,4,0,CHANDIGARH,Rural,Total,220,102,118,22,7,15,15,10,5,28,7,21,71,35,36,15,6,9,16,7,9,26,15,11,27,15,12
C2324,4,0,CHANDIGARH,Rural,Student,65,35,30,6,3,3,5,3,2,10,5,5,11,8,3,4,2,2,6,1,5,15,8,7,8,5,3
C2324,4,0,CHANDIGARH,Rural,Household_duties,46,0,46,5,0,5,1,0,1,10,0,10,23,0,23,1,0,1,2,0,2,2,0,2,2,0,2
C2324,4,0,CHANDIGARH,Rural,Dependent,82,46,36,8,2,6,5,3,2,5,0,5,23,16,7,9,3,6,8,6,2,9,7,2,15,9,6
C2324,4,0,CHANDIGARH,Rural,Pensioner,13,10,3,2,2,0,4,4,0,0,0,0,6,4,2,0,0,0,0,0,0,0,0,0,1,0,1
C2324,4,0,CHANDIGARH,Rural,Rentier,4,4,0,0,0,0,0,0,0,2,2,0,2,2,0,0,0,0,0,0,0,0,0,0,0,0,0
C2324,4,0,CHANDIGARH,Rural,Beggar _Vagrants_etc.,0,0,0,0,0,0,0,0,0,0,0,0,0,0,0,0,0,0,0,0,0,0,0,0,0,0,0
C2324,4,0,CHANDIGARH,Rural,Others,10,7,3,1,0,1,0,0,0,1,0,1,6,5,1,1,1,0,0,0,0,0,0,0,1,1,0
C2324,4,0,CHANDIGARH,Urban,Total,9935,4756,5179,1144,557,587,1585,538,1047,601,281,320,2237,1073,1164,973,595,378,625,339,286,1655,779,876,1115,594,521
C2324,4,0,CHANDIGARH,Urban,Student,2775,1609,1166,401,262,139,506,225,281,245,145,100,466,283,183,265,173,92,85,56,29,596,340,256,211,125,86
C2324,4,0,CHANDIGARH,Urban,Household_duties,1917,86,1831,254,9,245,473,14,459,126,5,121,471,16,455,59,10,49,97,7,90,333,12,321,104,13,91
C2324,4,0,CHANDIGARH,Urban,Dependent,3794,2071,1723,310,157,153,382,154,228,165,87,78,798,427,371,593,373,220,368,218,150,531,301,230,647,354,293
C2324,4,0,CHANDIGARH,Urban,Pensioner,809,568,241,113,87,26,159,120,39,30,24,6,297,196,101,8,4,4,21,14,7,95,69,26,86,54,32
C2324,4,0,CHANDIGARH,Urban,Rentier,77,53,24,10,9,1,10,5,5,0,0,0,34,28,6,3,2,1,1,1,0,11,4,7,8,4,4
C2324,4,0,CHANDIGARH,Urban,Beggar _Vagrants_etc.,33,28,5,6,6,0,1,0,1,1,1,0,16,16,0,3,1,2,2,2,0,2,2,0,2,0,2
C2324,4,0,CHANDIGARH,Urban,Others,530,341,189,50,27,23,54,20,34,34,19,15,155,107,48,42,32,10,51,41,10,87,51,36,57,44,13
C2324,5,0,UTTARAKHAND,Total,Total,120384,57919,62465,18528,7605,10923,21943,8748,13195,7507,3609,3898,23537,12502,11035,9056,5210,3846,5183,3038,2145,18254,8640,9614,16376,8567,7809
C2324,5,0,UTTARAKHAND,Total,Student,31844,18040,13804,4502,2519,1983,7141,3724,3417,2855,1679,1176,5084,3100,1984,2051,1191,860,506,307,199,7652,4301,3351,2053,1219,834
C2324,5,0,UTTARAKHAND,Total,Household_duties,16826,1229,15597,2986,154,2832,4021,192,3829,1364,92,1272,3191,297,2894,820,107,713,473,70,403,2946,161,2785,1025,156,869
C2324,5,0,UTTARAKHAND,Total,Dependent,53664,27676,25988,7707,3182,4525,7608,3113,4495,2493,1344,1149,10281,5699,4582,5367,3361,2006,3524,2177,1347,5730,2983,2747,10954,5817,5137
C2324,5,0,UTTARAKHAND,Total,Pensioner,11730,6925,4805,2653,1351,1302,2360,1283,1077,391,252,139,3179,2157,1022,234,140,94,255,151,104,932,607,325,1726,984,742
C2324,5,0,UTTARAKHAND,Total,Rentier,224,137,87,33,14,19,39,19,20,18,12,6,64,45,19,13,6,7,11,9,2,20,17,3,26,15,11
C2324,5,0,UTTARAKHAND,Total,Beggar _Vagrants_etc.,551,385,166,59,49,10,23,18,5,18,15,3,189,131,58,42,30,12,40,27,13,119,75,44,61,40,21
C2324,5,0,UTTARAKHAND,Total,Others,5545,3527,2018,588,336,252,751,399,352,368,215,153,1549,1073,476,529,375,154,374,297,77,855,496,359,531,336,195
C2324,5,0,UTTARAKHAND,Rural,Total,84777,41448,43329,13205,5363,7842,14223,5893,8330,5124,2552,2572,17498,9335,8163,6375,3679,2696,3676,2240,1436,12156,5866,6290,12520,6520,6000
C2324,5,0,UTTARAKHAND,Rural,Student,21347,12182,9165,2626,1466,1160,4391,2318,2073,2028,1206,822,3770,2313,1457,1564,900,664,354,209,145,5176,2894,2282,1438,876,562
C2324,5,0,UTTARAKHAND,Rural,Household_duties,10087,943,9144,1811,118,1693,2080,151,1929,833,71,762,2132,241,1891,537,90,447,322,49,273,1655,105,1550,717,118,599
C2324,5,0,UTTARAKHAND,Rural,Dependent,39729,20279,19450,6025,2399,3626,5379,2201,3178,1737,945,792,7806,4235,3571,3723,2324,1399,2505,1627,878,4081,2105,1976,8473,4443,4030
C2324,5,0,UTTARAKHAND,Rural,Pensioner,9776,5600,4176,2300,1135,1165,1911,995,916,292,180,112,2657,1764,893,196,116,80,209,122,87,699,445,254,1512,843,669
C2324,5,0,UTTARAKHAND,Rural,Rentier,83,48,35,14,6,8,12,5,7,7,5,2,20,12,8,6,2,4,2,2,0,11,9,2,11,7,4
C2324,5,0,UTTARAKHAND,Rural,Beggar _Vagrants_etc.,183,122,61,30,23,7,4,2,2,10,8,2,52,31,21,22,15,7,24,17,7,22,14,8,19,12,7
C2324,5,0,UTTARAKHAND,Rural,Others,3572,2274,1298,399,216,183,446,221,225,217,137,80,1061,739,322,327,232,95,260,214,46,512,294,218,350,221,129
C2324,5,0,UTTARAKHAND,Urban,Total,35607,16471,19136,5323,2242,3081,7720,2855,4865,2383,1057,1326,6039,3167,2872,2681,1531,1150,1507,798,709,6098,2774,3324,3856,2047,1809
C2324,5,0,UTTARAKHAND,Urban,Student,10497,5858,4639,1876,1053,823,2750,1406,1344,827,473,354,1314,787,527,487,291,196,152,98,54,2476,1407,1069,615,343,272
C2324,5,0,UTTARAKHAND,Urban,Household_duties,6739,286,6453,1175,36,1139,1941,41,1900,531,21,510,1059,56,1003,283,17,266,151,21,130,1291,56,1235,308,38,270
C2324,5,0,UTTARAKHAND,Urban,Dependent,13935,7397,6538,1682,783,899,2229,912,1317,756,399,357,2475,1464,1011,1644,1037,607,1019,550,469,1649,878,771,2481,1374,1107
C2324,5,0,UTTARAKHAND,Urban,Pensioner,1954,1325,629,353,216,137,449,288,161,99,72,27,522,393,129,38,24,14,46,29,17,233,162,71,214,141,73
C2324,5,0,UTTARAKHAND,Urban,Rentier,141,89,52,19,8,11,27,14,13,11,7,4,44,33,11,7,4,3,9,7,2,9,8,1,15,8,7
C2324,5,0,UTTARAKHAND,Urban,Beggar _Vagrants_etc.,368,263,105,29,26,3,19,16,3,8,7,1,137,100,37,20,15,5,16,10,6,97,61,36,42,28,14
C2324,5,0,UTTARAKHAND,Urban,Others,1973,1253,720,189,120,69,305,178,127,151,78,73,488,334,154,202,143,59,114,83,31,343,202,141,181,115,66
C2324,6,0,HARYANA,Total,Total,375774,179708,196066,57072,23486,33586,76349,31519,44830,15060,7885,7175,76492,39412,37080,24546,14820,9726,13392,7980,5412,71959,31894,40065,40904,22712,18192
C2324,6,0,HARYANA,Total,Student,93410,55216,38194,12097,6792,5305,24818,13841,10977,5644,3633,2011,12850,8450,4400,5456,3421,2035,1535,955,580,26157,14971,11186,4853,3153,1700
C2324,6,0,HARYANA,Total,Household_duties,68842,3778,65064,10892,436,10456,16681,751,15930,2885,207,2678,14285,762,13523,2963,363,2600,1696,197,1499,16138,725,15413,3302,337,2965
C2324,6,0,HARYANA,Total,Dependent,140622,80292,60330,18710,8850,9860,22892,10934,11958,4776,2980,1796,28876,17591,11285,13690,9357,4333,8276,5588,2688,19738,10784,8954,23664,14208,9456
C2324,6,0,HARYANA,Total,Pensioner,52933,28296,24637,13100,6233,6867,9022,4553,4469,1057,641,416,14088,8286,5802,1192,735,457,1020,583,437,5791,3218,2573,7663,4047,3616
C2324,6,0,HARYANA,Total,Rentier,661,448,213,106,73,33,91,43,48,30,18,12,229,173,56,27,23,4,31,22,9,88,60,28,59,36,23
C2324,6,0,HARYANA,Total,Beggar _Vagrants_etc.,825,606,219,88,68,20,57,39,18,27,20,7,288,218,70,53,46,7,40,34,6,122,90,32,150,91,59
C2324,6,0,HARYANA,Total,Others,18481,11072,7409,2079,1034,1045,2788,1358,1430,641,386,255,5876,3932,1944,1165,875,290,794,601,193,3925,2046,1879,1213,840,373
C2324,6,0,HARYANA,Rural,Total,244554,120315,124239,38860,16327,22533,43430,18372,25058,9955,5398,4557,53556,28559,24997,16223,9932,6291,8576,5134,3442,44760,20206,24554,29194,16387,12807
C2324,6,0,HARYANA,Rural,Student,57972,34803,23169,7288,4152,3136,13075,7334,5741,3929,2571,1358,9370,6226,3144,3821,2427,1394,1009,624,385,16150,9277,6873,3330,2192,1138
C2324,6,0,HARYANA,Rural,Household_duties,40819,2405,38414,6416,274,6142,8723,439,8284,1749,124,1625,9292,542,8750,1928,240,1688,1086,127,959,9539,431,9108,2086,228,1858
C2324,6,0,HARYANA,Rural,Dependent,93499,54563,38936,13233,6334,6899,13607,6649,6958,3160,2034,1126,20085,12601,7484,8888,6186,2702,5223,3598,1625,12495,6971,5524,16808,10190,6618
C2324,6,0,HARYANA,Rural,Pensioner,40229,21171,19058,10513,4872,5641,6567,3218,3349,730,440,290,10497,6236,4261,858,530,328,752,412,340,4177,2267,1910,6135,3196,2939
C2324,6,0,HARYANA,Rural,Rentier,255,187,68,50,37,13,26,16,10,7,4,3,96,77,19,13,10,3,11,7,4,31,23,8,21,13,8
C2324,6,0,HARYANA,Rural,Beggar _Vagrants_etc.,254,200,54,35,25,10,13,9,4,6,5,1,64,54,10,28,24,4,21,18,3,50,38,12,37,27,10
C2324,6,0,HARYANA,Rural,Others,11526,6986,4540,1325,633,692,1419,707,712,374,220,154,4152,2823,1329,687,515,172,474,348,126,2318,1199,1119,777,541,236
C2324,6,0,HARYANA,Urban,Total,131220,59393,71827,18212,7159,11053,32919,13147,19772,5105,2487,2618,22936,10853,12083,8323,4888,3435,4816,2846,1970,27199,11688,15511,11710,6325,5385
C2324,6,0,HARYANA,Urban,Student,35438,20413,15025,4809,2640,2169,11743,6507,5236,1715,1062,653,3480,2224,1256,1635,994,641,526,331,195,10007,5694,4313,1523,961,562
C2324,6,0,HARYANA,Urban,Household_duties,28023,1373,26650,4476,162,4314,7958,312,7646,1136,83,1053,4993,220,4773,1035,123,912,610,70,540,6599,294,6305,1216,109,1107
C2324,6,0,HARYANA,Urban,Dependent,47123,25729,21394,5477,2516,2961,9285,4285,5000,1616,946,670,8791,4990,3801,4802,3171,1631,3053,1990,1063,7243,3813,3430,6856,4018,2838
C2324,6,0,HARYANA,Urban,Pensioner,12704,7125,5579,2587,1361,1226,2455,1335,1120,327,201,126,3591,2050,1541,334,205,129,268,171,97,1614,951,663,1528,851,677
C2324,6,0,HARYANA,Urban,Rentier,406,261,145,56,36,20,65,27,38,23,14,9,133,96,37,14,13,1,20,15,5,57,37,20,38,23,15
C2324,6,0,HARYANA,Urban,Beggar _Vagrants_etc.,571,406,165,53,43,10,44,30,14,21,15,6,224,164,60,25,22,3,19,16,3,72,52,20,113,64,49
C2324,6,0,HARYANA,Urban,Others,6955,4086,2869,754,401,353,1369,651,718,267,166,101,1724,1109,615,478,360,118,320,253,67,1607,847,760,436,299,137
C2324,7,0,DELHI,Total,Total,169309,81361,87948,20896,8983,11913,22804,9154,13650,10306,4831,5475,45765,21646,24119,14607,8861,5746,8841,5225,3616,24560,11030,13530,21530,11631,9899
C2324,7,0,DELHI,Total,Student,38202,22185,16017,5204,3012,2192,6624,3523,3101,3930,2328,1602,6995,4276,2719,3001,1890,1111,976,615,361,8627,4784,3843,2845,1757,1088
C2324,7,0,DELHI,Total,Household_duties,31821,1240,30581,4655,147,4508,5525,159,5366,2356,94,2262,9595,296,9299,1167,132,1035,1008,81,927,5514,170,5344,2001,161,1840
C2324,7,0,DELHI,Total,Dependent,74870,41250,33620,7906,3756,4150,7397,3309,4088,3075,1773,1302,19723,10588,9135,9453,6092,3361,5809,3755,2054,7673,4205,3468,13834,7772,6062
C2324,7,0,DELHI,Total,Pensioner,12255,8252,4003,1797,1183,614,2088,1477,611,360,267,93,5014,3301,1713,146,106,40,241,180,61,998,699,299,1611,1039,572
C2324,7,0,DELHI,Total,Rentier,1440,967,473,175,119,56,178,114,64,42,25,17,601,406,195,47,39,8,73,55,18,128,82,46,196,127,69
C2324,7,0,DELHI,Total,Beggar _Vagrants_etc.,588,407,181,52,40,12,19,14,5,7,6,1,354,242,112,27,16,11,29,19,10,40,30,10,60,40,20
C2324,7,0,DELHI,Total,Others,10133,7060,3073,1107,726,381,973,558,415,536,338,198,3483,2537,946,766,586,180,705,520,185,1580,1060,520,983,735,248
C2324,7,0,DELHI,Rural,Total,4471,2244,2227,558,228,330,609,251,358,240,125,115,1265,652,613,313,212,101,211,137,74,674,301,373,601,338,263
C2324,7,0,DELHI,Rural,Student,971,599,372,114,69,45,162,98,64,85,55,30,216,145,71,52,30,22,26,20,6,243,131,112,73,51,22
C2324,7,0,DELHI,Rural,Household_duties,860,55,805,132,2,130,159,9,150,41,3,38,267,17,250,26,8,18,24,1,23,148,9,139,63,6,57
C2324,7,0,DELHI,Rural,Dependent,1942,1100,842,218,93,125,178,78,100,89,49,40,522,304,218,206,149,57,134,95,39,203,107,96,392,225,167
C2324,7,0,DELHI,Rural,Pensioner,382,263,119,65,41,24,84,51,33,2,2,0,138,96,42,7,6,1,11,7,4,22,18,4,53,42,11
C2324,7,0,DELHI,Rural,Rentier,12,9,3,1,1,0,1,0,1,0,0,0,5,5,0,2,1,1,1,1,0,1,0,1,1,1,0
C2324,7,0,DELHI,Rural,Beggar _Vagrants_etc.,5,3,2,1,1,0,0,0,0,0,0,0,3,2,1,0,0,0,0,0,0,0,0,0,1,0,1
C2324,7,0,DELHI,Rural,Others,299,215,84,27,21,6,25,15,10,23,16,7,114,83,31,20,18,2,15,13,2,57,36,21,18,13,5
C2324,7,0,DELHI,Urban,Total,164838,79117,85721,20338,8755,11583,22195,8903,13292,10066,4706,5360,44500,20994,23506,14294,8649,5645,8630,5088,3542,23886,10729,13157,20929,11293,9636
C2324,7,0,DELHI,Urban,Student,37231,21586,15645,5090,2943,2147,6462,3425,3037,3845,2273,1572,6779,4131,2648,2949,1860,1089,950,595,355,8384,4653,3731,2772,1706,1066
C2324,7,0,DELHI,Urban,Household_duties,30961,1185,29776,4523,145,4378,5366,150,5216,2315,91,2224,9328,279,9049,1141,124,1017,984,80,904,5366,161,5205,1938,155,1783
C2324,7,0,DELHI,Urban,Dependent,72928,40150,32778,7688,3663,4025,7219,3231,3988,2986,1724,1262,19201,10284,8917,9247,5943,3304,5675,3660,2015,7470,4098,3372,13442,7547,5895
C2324,7,0,DELHI,Urban,Pensioner,11873,7989,3884,1732,1142,590,2004,1426,578,358,265,93,4876,3205,1671,139,100,39,230,173,57,976,681,295,1558,997,561
C2324,7,0,DELHI,Urban,Rentier,1428,958,470,174,118,56,177,114,63,42,25,17,596,401,195,45,38,7,72,54,18,127,82,45,195,126,69
C2324,7,0,DELHI,Urban,Beggar _Vagrants_etc.,583,404,179,51,39,12,19,14,5,7,6,1,351,240,111,27,16,11,29,19,10,40,30,10,59,40,19
C2324,7,0,DELHI,Urban,Others,9834,6845,2989,1080,705,375,948,543,405,513,322,191,3369,2454,915,746,568,178,690,507,183,1523,1024,499,965,722,243
C2324,8,0,RAJASTHAN,Total,Total,1021852,477864,543988,199204,80637,118567,128723,53979,74744,40352,21464,18888,276934,132089,144845,58831,36486,22345,30158,17827,12331,109144,51748,57396,178506,83634,94872
C2324,8,0,RAJASTHAN,Total,Student,193370,118762,74608,39477,22842,16635,31711,18262,13449,17145,11266,5879,35387,23653,11734,14663,9829,4834,2428,1550,878,39626,22971,16655,12933,8389,4544
C2324,8,0,RAJASTHAN,Total,Household_duties,110666,9518,101148,25511,1683,23828,17879,1155,16724,6355,458,5897,29813,2815,26998,4934,841,4093,2766,356,2410,15165,926,14239,8243,1284,6959
C2324,8,0,RAJASTHAN,Total,Dependent,628730,296195,332535,118383,47645,70738,68594,28828,39766,14313,8160,6153,179904,85085,94819,35307,23064,12243,22074,13810,8264,46328,23176,23152,143827,66427,77400
C2324,8,0,RAJASTHAN,Total,Pensioner,43783,25580,18203,9258,5178,4080,5959,3448,2511,866,622,244,15558,9648,5910,579,350,229,518,320,198,2673,1675,998,8372,4339,4033
C2324,8,0,RAJASTHAN,Total,Rentier,2245,1411,834,440,260,180,296,175,121,48,31,17,808,543,265,69,56,13,45,36,9,133,82,51,406,228,178
C2324,8,0,RAJASTHAN,Total,Beggar _Vagrants_etc.,2331,1588,743,343,233,110,184,115,69,81,60,21,642,465,177,274,192,82,232,167,65,209,146,63,366,210,156
C2324,8,0,RAJASTHAN,Total,Others,40727,24810,15917,5792,2796,2996,4100,1996,2104,1544,867,677,14822,9880,4942,3005,2154,851,2095,1588,507,5010,2772,2238,4359,2757,1602
C2324,8,0,RAJASTHAN,Rural,Total,779703,369387,410316,147472,60563,86909,90079,38722,51357,26082,15190,10892,225062,108119,116943,42044,26342,15702,21708,12804,8904,76890,38092,38798,150366,69555,80811
C2324,8,0,RAJASTHAN,Rural,Student,136017,85515,50502,24002,14192,9810,20144,11874,8270,11966,8178,3788,28468,19199,9269,11698,7869,3829,1766,1149,617,28111,16617,11494,9862,6437,3425
C2324,8,0,RAJASTHAN,Rural,Household_duties,62711,7257,55454,13335,1264,12071,8620,791,7829,2594,287,2307,19816,2374,17442,3053,622,2431,1772,268,1504,7690,614,7076,5831,1037,4794
C2324,8,0,RAJASTHAN,Rural,Dependent,518818,240690,278128,99127,39521,59606,54708,22691,32017,10249,5972,4277,153636,71998,81638,24703,16060,8643,16237,10029,6208,36061,17973,18088,124097,56446,67651
C2324,8,0,RAJASTHAN,Rural,Pensioner,31356,16993,14363,6699,3439,3260,3830,1954,1876,333,228,105,11386,6682,4704,400,232,168,347,209,138,1664,970,694,6697,3279,3418
C2324,8,0,RAJASTHAN,Rural,Rentier,1226,750,476,251,145,106,140,86,54,21,13,8,443,297,146,19,12,7,22,16,6,53,28,25,277,153,124
C2324,8,0,RAJASTHAN,Rural,Beggar _Vagrants_etc.,1384,904,480,222,150,72,117,69,48,40,31,9,313,205,108,169,121,48,150,108,42,111,76,35,262,144,118
C2324,8,0,RAJASTHAN,Rural,Others,28191,17278,10913,3836,1852,1984,2520,1257,1263,879,481,398,11000,7364,3636,2002,1426,576,1414,1025,389,3200,1814,1386,3340,2059,1281
C2324,8,0,RAJASTHAN,Urban,Total,242149,108477,133672,51732,20074,31658,38644,15257,23387,14270,6274,7996,51872,23970,27902,16787,10144,6643,8450,5023,3427,32254,13656,18598,28140,14079,14061
C2324,8,0,RAJASTHAN,Urban,Student,57353,33247,24106,15475,8650,6825,11567,6388,5179,5179,3088,2091,6919,4454,2465,2965,1960,1005,662,401,261,11515,6354,5161,3071,1952,1119
C2324,8,0,RAJASTHAN,Urban,Household_duties,47955,2261,45694,12176,419,11757,9259,364,8895,3761,171,3590,9997,441,9556,1881,219,1662,994,88,906,7475,312,7163,2412,247,2165
C2324,8,0,RAJASTHAN,Urban,Dependent,109912,55505,54407,19256,8124,11132,13886,6137,7749,4064,2188,1876,26268,13087,13181,10604,7004,3600,5837,3781,2056,10267,5203,5064,19730,9981,9749
C2324,8,0,RAJASTHAN,Urban,Pensioner,12427,8587,3840,2559,1739,820,2129,1494,635,533,394,139,4172,2966,1206,179,118,61,171,111,60,1009,705,304,1675,1060,615
C2324,8,0,RAJASTHAN,Urban,Rentier,1019,661,358,189,115,74,156,89,67,27,18,9,365,246,119,50,44,6,23,20,3,80,54,26,129,75,54
C2324,8,0,RAJASTHAN,Urban,Beggar _Vagrants_etc.,947,684,263,121,83,38,67,46,21,41,29,12,329,260,69,105,71,34,82,59,23,98,70,28,104,66,38
C2324,8,0,RAJASTHAN,Urban,Others,12536,7532,5004,1956,944,1012,1580,739,841,665,386,279,3822,2516,1306,1003,728,275,681,563,118,1810,958,852,1019,698,321
C2324,9,0,UP,Total,Total,2711121,1259802,1451319,499377,209274,290103,654886,274036,380850,170352,77405,92947,433820,235147,198673,135572,77235,58337,59742,35357,24385,585350,259454,325896,172022,91894,80128
C2324,9,0,UP,Total,Student,870513,488194,382319,155322,84211,71111,242472,130114,112358,64303,36181,28122,112536,71648,40888,32866,19483,13383,7392,4531,2861,229373,126033,103340,26249,15993,10256
C2324,9,0,UP,Total,Household_duties,509640,46952,462688,101681,7774,93907,136775,10908,125867,38313,3565,34748,72724,8208,64516,18953,3179,15774,7477,1358,6119,116262,9348,106914,17455,2612,14843
C2324,9,0,UP,Total,Dependent,1138830,607909,530921,206115,97449,108666,238680,112684,125996,57413,31649,25764,199630,121072,78558,76122,49251,26871,40394,26176,14218,205590,104641,100949,114886,64987,49899
C2324,9,0,UP,Total,Pensioner,71178,42021,29157,16748,9147,7601,13167,7188,5979,2620,1518,1102,20599,13821,6778,1097,653,444,727,447,280,9515,5513,4002,6705,3734,2971
C2324,9,0,UP,Total,Rentier,2678,1626,1052,562,334,228,531,280,251,132,78,54,589,418,171,122,85,37,54,45,9,442,239,203,246,147,99
C2324,9,0,UP,Total,Beggar _Vagrants_etc.,6003,4220,1783,1087,780,307,659,429,230,255,169,86,1853,1346,507,491,360,131,327,240,87,775,510,265,556,386,170
C2324,9,0,UP,Total,Others,112279,68880,43399,17862,9579,8283,22602,12433,10169,7316,4245,3071,25889,18634,7255,5921,4224,1697,3371,2560,811,23393,13170,10223,5925,4035,1890
C2324,9,0,UP,Rural,Total,2047528,961932,1085596,376686,159261,217425,475183,200717,274466,128007,58883,69124,346326,189488,156838,102952,58759,44193,43882,26024,17858,439407,196346,243061,135085,72454,62631
C2324,9,0,UP,Rural,Student,660671,372503,288168,115192,62362,52830,175864,94693,81171,49283,27797,21486,93075,59682,33393,26326,15664,10662,5694,3497,2197,174622,96217,78405,20615,12591,8024
C2324,9,0,UP,Rural,Household_duties,378654,38660,339994,73576,6126,67450,98381,8893,89488,28721,2977,25744,57885,7104,50781,14826,2703,12123,5758,1127,4631,86049,7580,78469,13458,2150,11308
C2324,9,0,UP,Rural,Dependent,869658,468623,401035,160898,76590,84308,175832,83957,91875,42974,24126,18848,158285,96983,61302,56460,36681,19779,29466,19236,10230,154995,79493,75502,90748,51557,39191
C2324,9,0,UP,Rural,Pensioner,54930,31077,23853,13334,6812,6522,9413,4745,4668,1761,960,801,16831,11117,5714,809,475,334,532,311,221,6718,3685,3033,5532,2972,2560
C2324,9,0,UP,Rural,Rentier,1201,756,445,255,156,99,235,122,113,63,38,25,264,201,63,57,36,21,13,11,2,204,120,84,110,72,38
C2324,9,0,UP,Rural,Beggar _Vagrants_etc.,3235,2313,922,681,492,189,334,207,127,114,76,38,817,611,206,310,234,76,192,154,38,430,291,139,357,248,109
C2324,9,0,UP,Rural,Others,79179,48000,31179,12750,6723,6027,15124,8100,7024,5091,2909,2182,19169,13790,5379,4164,2966,1198,2227,1688,539,16389,8960,7429,4265,2864,1401
C2324,9,0,UP,Urban,Total,663593,297870,365723,122691,50013,72678,179703,73319,106384,42345,18522,23823,87494,45659,41835,32620,18476,14144,15860,9333,6527,145943,63108,82835,36937,19440,17497
C2324,9,0,UP,Urban,Student,209842,115691,94151,40130,21849,18281,66608,35421,31187,15020,8384,6636,19461,11966,7495,6540,3819,2721,1698,1034,664,54751,29816,24935,5634,3402,2232
C2324,9,0,UP,Urban,Household_duties,130986,8292,122694,28105,1648,26457,38394,2015,36379,9592,588,9004,14839,1104,13735,4127,476,3651,1719,231,1488,30213,1768,28445,3997,462,3535
C2324,9,0,UP,Urban,Dependent,269172,139286,129886,45217,20859,24358,62848,28727,34121,14439,7523,6916,41345,24089,17256,19662,12570,7092,10928,6940,3988,50595,25148,25447,24138,13430,10708
C2324,9,0,UP,Urban,Pensioner,16248,10944,5304,3414,2335,1079,3754,2443,1311,859,558,301,3768,2704,1064,288,178,110,195,136,59,2797,1828,969,1173,762,411
C2324,9,0,UP,Urban,Rentier,1477,870,607,307,178,129,296,158,138,69,40,29,325,217,108,65,49,16,41,34,7,238,119,119,136,75,61
C2324,9,0,UP,Urban,Beggar _Vagrants_etc.,2768,1907,861,406,288,118,325,222,103,141,93,48,1036,735,301,181,126,55,135,86,49,345,219,126,199,138,61
C2324,9,0,UP,Urban,Others,33100,20880,12220,5112,2856,2256,7478,4333,3145,2225,1336,889,6720,4844,1876,1757,1258,499,1144,872,272,7004,4210,2794,1660,1171,489
C2324,10,0,BIHAR,Total,Total,1465662,689062,776600,348085,147331,200754,350602,148688,201914,105871,48961,56910,228855,127094,101761,62895,35023,27872,27515,16817,10698,256346,116536,139810,85493,48612,36881
C2324,10,0,BIHAR,Total,Student,489294,280800,208494,119555,65879,53676,127521,69420,58101,39157,22650,16507,70975,46635,24340,16683,10076,6607,3851,2515,1336,96551,54086,42465,15001,9539,5462
C2324,10,0,BIHAR,Total,Household_duties,248512,20596,227916,66342,4117,62225,67408,4982,62426,20860,1736,19124,30746,3284,27462,8136,1094,7042,3159,424,2735,44433,3684,40749,7428,1275,6153
C2324,10,0,BIHAR,Total,Dependent,633167,333217,299950,141516,66920,74596,136359,64569,71790,39646,21237,18409,105492,62208,43284,34035,21197,12838,18168,12155,6013,100984,51085,49899,56967,33846,23121
C2324,10,0,BIHAR,Total,Pensioner,23632,14906,8726,5747,3390,2357,5004,3032,1972,1095,659,436,6318,4460,1858,362,210,152,291,186,105,2898,1774,1124,1917,1195,722
C2324,10,0,BIHAR,Total,Rentier,1322,841,481,305,178,127,270,146,124,73,52,21,294,219,75,70,49,21,30,24,6,179,105,74,101,68,33
C2324,10,0,BIHAR,Total,Beggar _Vagrants_etc.,5276,3399,1877,1071,674,397,491,260,231,260,119,141,1485,1038,447,434,289,145,260,190,70,526,343,183,749,486,263
C2324,10,0,BIHAR,Total,Others,64459,35303,29156,13549,6173,7376,13549,6279,7270,4780,2508,2272,13545,9250,4295,3175,2108,1067,1756,1323,433,10775,5459,5316,3330,2203,1127
C2324,10,0,BIHAR,Rural,Total,1271074,599773,671301,300588,127477,173111,300912,128141,172771,91950,42798,49152,202544,112828,89716,54268,30074,24194,23432,14158,9274,221837,101240,120597,75543,43057,32486
C2324,10,0,BIHAR,Rural,Student,420519,242584,177935,101352,55904,45448,108184,59187,48997,33750,19635,14115,62789,41532,21257,14642,8858,5784,3388,2209,1179,83173,46795,36378,13241,8464,4777
C2324,10,0,BIHAR,Rural,Household_duties,212705,18364,194341,56181,3675,52506,56947,4308,52639,17915,1561,16354,27148,3037,24111,7086,973,6113,2807,385,2422,38028,3241,34787,6593,1184,5409
C2324,10,0,BIHAR,Rural,Dependent,560010,295129,264881,126131,59671,66460,120348,57269,63079,35255,18958,16297,94362,55736,38626,29167,18089,11078,15317,10172,5145,88931,45128,43803,50499,30106,20393
C2324,10,0,BIHAR,Rural,Pensioner,19232,11724,7508,4641,2591,2050,3860,2217,1643,825,477,348,5424,3767,1657,294,156,138,247,158,89,2322,1382,940,1619,976,643
C2324,10,0,BIHAR,Rural,Rentier,759,470,289,176,103,73,174,96,78,41,31,10,155,112,43,40,24,16,14,11,3,95,51,44,64,42,22
C2324,10,0,BIHAR,Rural,Beggar _Vagrants_etc.,4546,2928,1618,957,598,359,444,233,211,234,105,129,1151,829,322,404,268,136,226,165,61,446,295,151,684,435,249
C2324,10,0,BIHAR,Rural,Others,53303,28574,24729,11150,4935,6215,10955,4831,6124,3930,2031,1899,11515,7815,3700,2635,1706,929,1433,1058,375,8842,4348,4494,2843,1850,993
C2324,10,0,BIHAR,Urban,Total,194588,89289,105299,47497,19854,27643,49690,20547,29143,13921,6163,7758,26311,14266,12045,8627,4949,3678,4083,2659,1424,34509,15296,19213,9950,5555,4395
C2324,10,0,BIHAR,Urban,Student,68775,38216,30559,18203,9975,8228,19337,10233,9104,5407,3015,2392,8186,5103,3083,2041,1218,823,463,306,157,13378,7291,6087,1760,1075,685
C2324,10,0,BIHAR,Urban,Household_duties,35807,2232,33575,10161,442,9719,10461,674,9787,2945,175,2770,3598,247,3351,1050,121,929,352,39,313,6405,443,5962,835,91,744
C2324,10,0,BIHAR,Urban,Dependent,73157,38088,35069,15385,7249,8136,16011,7300,8711,4391,2279,2112,11130,6472,4658,4868,3108,1760,2851,1983,868,12053,5957,6096,6468,3740,2728
C2324,10,0,BIHAR,Urban,Pensioner,4400,3182,1218,1106,799,307,1144,815,329,270,182,88,894,693,201,68,54,14,44,28,16,576,392,184,298,219,79
C2324,10,0,BIHAR,Urban,Rentier,563,371,192,129,75,54,96,50,46,32,21,11,139,107,32,30,25,5,16,13,3,84,54,30,37,26,11
C2324,10,0,BIHAR,Urban,Beggar _Vagrants_etc.,730,471,259,114,76,38,47,27,20,26,14,12,334,209,125,30,21,9,34,25,9,80,48,32,65,51,14
C2324,10,0,BIHAR,Urban,Others,11156,6729,4427,2399,1238,1161,2594,1448,1146,850,477,373,2030,1435,595,540,402,138,323,265,58,1933,1111,822,487,353,134
C2324,11,0,SIKKIM,Total,Total,9269,4183,5086,1338,585,753,2102,879,1223,787,350,437,1234,622,612,342,169,173,346,163,183,1242,538,704,1878,877,1001
C2324,11,0,SIKKIM,Total,Student,1992,1050,942,356,189,167,601,322,279,190,99,91,206,117,89,83,46,37,40,16,24,411,210,201,105,51,54
C2324,11,0,SIKKIM,Total,Household_duties,1289,172,1117,224,21,203,407,56,351,107,16,91,128,16,112,29,4,25,37,7,30,179,17,162,178,35,143
C2324,11,0,SIKKIM,Total,Dependent,5009,2387,2622,566,261,305,873,372,501,449,212,237,770,400,370,187,96,91,231,115,116,520,245,275,1413,686,727
C2324,11,0,SIKKIM,Total,Pensioner,525,340,185,127,79,48,139,95,44,14,9,5,77,56,21,5,5,0,10,7,3,46,27,19,107,62,45
C2324,11,0,SIKKIM,Total,Rentier,30,24,6,3,3,0,7,4,3,0,0,0,7,7,0,1,0,1,2,2,0,2,1,1,8,7,1
C2324,11,0,SIKKIM,Total,Beggar _Vagrants_etc.,39,22,17,2,1,1,1,1,0,1,0,1,2,2,0,22,11,11,1,0,1,2,1,1,8,6,2
C2324,11,0,SIKKIM,Total,Others,385,188,197,60,31,29,74,29,45,26,14,12,44,24,20,15,7,8,25,16,9,82,37,45,59,30,29
C2324,11,0,SIKKIM,Rural,Total,7766,3566,4200,1161,519,642,1738,739,999,635,292,343,1053,543,510,260,127,133,288,126,162,974,442,532,1657,778,879
C2324,11,0,SIKKIM,Rural,Student,1700,913,787,316,169,147,504,274,230,161,88,73,177,103,74,69,41,28,32,12,20,344,179,165,97,47,50
C2324,11,0,SIKKIM,Rural,Household_duties,990,152,838,177,20,157,318,49,269,74,11,63,97,16,81,21,2,19,34,6,28,123,15,108,146,33,113
C2324,11,0,SIKKIM,Rural,Dependent,4333,2069,2264,506,234,272,750,326,424,369,176,193,680,354,326,151,73,78,193,90,103,426,205,221,1258,611,647
C2324,11,0,SIKKIM,Rural,Pensioner,430,273,157,112,70,42,110,70,40,11,6,5,58,45,13,4,4,0,9,6,3,29,17,12,97,55,42
C2324,11,0,SIKKIM,Rural,Rentier,16,12,4,3,3,0,3,1,2,0,0,0,3,3,0,1,0,1,1,1,0,0,0,0,5,4,1
C2324,11,0,SIKKIM,Rural,Beggar _Vagrants_etc.,7,6,1,0,0,0,0,0,0,0,0,0,0,0,0,1,1,0,0,0,0,0,0,0,6,5,1
C2324,11,0,SIKKIM,Rural,Others,290,141,149,47,23,24,53,19,34,20,11,9,38,22,16,13,6,7,19,11,8,52,26,26,48,23,25
C2324,11,0,SIKKIM,Urban,Total,1503,617,886,177,66,111,364,140,224,152,58,94,181,79,102,82,42,40,58,37,21,268,96,172,221,99,122
C2324,11,0,SIKKIM,Urban,Student,292,137,155,40,20,20,97,48,49,29,11,18,29,14,15,14,5,9,8,4,4,67,31,36,8,4,4
C2324,11,0,SIKKIM,Urban,Household_duties,299,20,279,47,1,46,89,7,82,33,5,28,31,0,31,8,2,6,3,1,2,56,2,54,32,2,30
C2324,11,0,SIKKIM,Urban,Dependent,676,318,358,60,27,33,123,46,77,80,36,44,90,46,44,36,23,13,38,25,13,94,40,54,155,75,80
C2324,11,0,SIKKIM,Urban,Pensioner,95,67,28,15,9,6,29,25,4,3,3,0,19,11,8,1,1,0,1,1,0,17,10,7,10,7,3
C2324,11,0,SIKKIM,Urban,Rentier,14,12,2,0,0,0,4,3,1,0,0,0,4,4,0,0,0,0,1,1,0,2,1,1,3,3,0
C2324,11,0,SIKKIM,Urban,Beggar _Vagrants_etc.,32,16,16,2,1,1,1,1,0,1,0,1,2,2,0,21,10,11,1,0,1,2,1,1,2,1,1
C2324,11,0,SIKKIM,Urban,Others,95,47,48,13,8,5,21,10,11,6,3,3,6,2,4,2,1,1,6,5,1,30,11,19,11,7,4
C2324,12,0,ARUNACHAL,Total,Total,14786,6913,7873,3102,1337,1765,4002,1759,2243,816,433,383,1951,1028,923,827,395,432,427,224,203,2091,950,1141,1570,787,783
C2324,12,0,ARUNACHAL,Total,Student,5077,2685,2392,1120,576,544,1715,872,843,268,169,99,483,277,206,281,139,142,47,28,19,983,513,470,180,111,69
C2324,12,0,ARUNACHAL,Total,Household_duties,1260,198,1062,273,34,239,385,56,329,80,14,66,162,33,129,63,12,51,39,5,34,170,21,149,88,23,65
C2324,12,0,ARUNACHAL,Total,Dependent,7279,3426,3853,1452,607,845,1621,684,937,401,210,191,1130,615,515,409,209,200,300,167,133,792,356,436,1174,578,596
C2324,12,0,ARUNACHAL,Total,Pensioner,256,168,88,64,42,22,70,48,22,9,8,1,49,30,19,3,1,2,6,3,3,22,13,9,33,23,10
C2324,12,0,ARUNACHAL,Total,Rentier,24,13,11,8,4,4,4,2,2,1,1,0,2,0,2,0,0,0,2,2,0,4,2,2,3,2,1
C2324,12,0,ARUNACHAL,Total,Beggar _Vagrants_etc.,10,7,3,2,1,1,1,1,0,1,1,0,0,0,0,1,1,0,2,1,1,1,1,0,2,1,1
C2324,12,0,ARUNACHAL,Total,Others,880,416,464,183,73,110,206,96,110,56,30,26,125,73,52,70,33,37,31,18,13,119,44,75,90,49,41
C2324,12,0,ARUNACHAL,Rural,Total,12049,5690,6359,2497,1073,1424,3295,1470,1825,658,353,305,1654,869,785,641,318,323,341,179,162,1595,751,844,1368,677,691
C2324,12,0,ARUNACHAL,Rural,Student,3824,2037,1787,810,411,399,1313,669,644,212,134,78,385,219,166,207,109,98,31,19,12,720,388,332,146,88,58
C2324,12,0,ARUNACHAL,Rural,Household_duties,904,171,733,193,30,163,292,52,240,54,11,43,121,29,92,44,9,35,26,3,23,106,17,89,68,20,48
C2324,12,0,ARUNACHAL,Rural,Dependent,6397,3006,3391,1284,536,748,1470,630,840,339,177,162,1008,539,469,330,172,158,252,140,112,666,304,362,1048,508,540
C2324,12,0,ARUNACHAL,Rural,Pensioner,217,136,81,56,34,22,60,40,20,6,5,1,41,24,17,3,1,2,6,3,3,17,10,7,28,19,9
C2324,12,0,ARUNACHAL,Rural,Rentier,19,9,10,8,4,4,3,1,2,0,0,0,1,0,1,0,0,0,1,1,0,4,2,2,2,1,1
C2324,12,0,ARUNACHAL,Rural,Beggar _Vagrants_etc.,8,6,2,1,1,0,1,1,0,1,1,0,0,0,0,1,1,0,1,0,1,1,1,0,2,1,1
C2324,12,0,ARUNACHAL,Rural,Others,680,325,355,145,57,88,156,77,79,46,25,21,98,58,40,56,26,30,24,13,11,81,29,52,74,40,34
C2324,12,0,ARUNACHAL,Urban,Total,2737,1223,1514,605,264,341,707,289,418,158,80,78,297,159,138,186,77,109,86,45,41,496,199,297,202,110,92
C2324,12,0,ARUNACHAL,Urban,Student,1253,648,605,310,165,145,402,203,199,56,35,21,98,58,40,74,30,44,16,9,7,263,125,138,34,23,11
C2324,12,0,ARUNACHAL,Urban,Household_duties,356,27,329,80,4,76,93,4,89,26,3,23,41,4,37,19,3,16,13,2,11,64,4,60,20,3,17
C2324,12,0,ARUNACHAL,Urban,Dependent,882,420,462,168,71,97,151,54,97,62,33,29,122,76,46,79,37,42,48,27,21,126,52,74,126,70,56
C2324,12,0,ARUNACHAL,Urban,Pensioner,39,32,7,8,8,0,10,8,2,3,3,0,8,6,2,0,0,0,0,0,0,5,3,2,5,4,1
C2324,12,0,ARUNACHAL,Urban,Rentier,5,4,1,0,0,0,1,1,0,1,1,0,1,0,1,0,0,0,1,1,0,0,0,0,1,1,0
C2324,12,0,ARUNACHAL,Urban,Beggar _Vagrants_etc.,2,1,1,1,0,1,0,0,0,0,0,0,0,0,0,0,0,0,1,1,0,0,0,0,0,0,0
C2324,12,0,ARUNACHAL,Urban,Others,200,91,109,38,16,22,50,19,31,10,5,5,27,15,12,14,7,7,7,5,2,38,15,23,16,9,7
C2324,13,0,NAGALAND,Total,Total,14247,7126,7121,1886,841,1045,3411,1654,1757,1003,533,470,2295,1242,1053,773,407,366,651,352,299,2130,1039,1091,2098,1058,1040
C2324,13,0,NAGALAND,Total,Student,3431,1905,1526,513,287,226,1036,549,487,258,154,104,411,250,161,127,71,56,51,26,25,901,493,408,134,75,59
C2324,13,0,NAGALAND,Total,Household_duties,1081,212,869,183,19,164,290,49,241,90,26,64,151,41,110,46,9,37,31,8,23,176,22,154,114,38,76
C2324,13,0,NAGALAND,Total,Dependent,8150,4005,4145,948,394,554,1639,777,862,595,322,273,1426,738,688,519,271,248,505,279,226,867,414,453,1651,810,841
C2324,13,0,NAGALAND,Total,Pensioner,727,540,187,122,82,40,251,188,63,18,11,7,158,120,38,17,16,1,18,11,7,46,34,12,97,78,19
C2324,13,0,NAGALAND,Total,Rentier,70,39,31,13,6,7,20,13,7,3,1,2,13,7,6,1,0,1,2,2,0,6,4,2,12,6,6
C2324,13,0,NAGALAND,Total,Beggar _Vagrants_etc.,42,26,16,5,4,1,3,2,1,1,0,1,9,6,3,7,4,3,4,2,2,1,1,0,12,7,5
C2324,13,0,NAGALAND,Total,Others,746,399,347,102,49,53,172,76,96,38,19,19,127,80,47,56,36,20,40,24,16,133,71,62,78,44,34
C2324,13,0,NAGALAND,Rural,Total,10130,5141,4989,1353,619,734,2381,1205,1176,709,384,325,1687,908,779,528,278,250,465,248,217,1385,688,697,1622,811,811
C2324,13,0,NAGALAND,Rural,Student,2238,1263,975,332,193,139,671,368,303,188,116,72,283,176,107,85,47,38,36,21,15,549,289,260,94,53,41
C2324,13,0,NAGALAND,Rural,Household_duties,615,167,448,93,15,78,173,41,132,50,16,34,98,31,67,28,8,20,25,8,17,72,16,56,76,32,44
C2324,13,0,NAGALAND,Rural,Dependent,6359,3118,3241,782,325,457,1289,632,657,436,235,201,1127,580,547,364,189,175,366,194,172,679,327,352,1316,636,680
C2324,13,0,NAGALAND,Rural,Pensioner,410,307,103,70,49,21,148,106,42,10,7,3,88,68,20,6,6,0,9,7,2,22,18,4,57,46,11
C2324,13,0,NAGALAND,Rural,Rentier,31,16,15,5,2,3,8,5,3,1,0,1,7,3,4,1,0,1,2,2,0,1,1,0,6,3,3
C2324,13,0,NAGALAND,Rural,Beggar _Vagrants_etc.,27,16,11,3,2,1,2,2,0,0,0,0,3,2,1,6,3,3,4,2,2,0,0,0,9,5,4
C2324,13,0,NAGALAND,Rural,Others,450,254,196,68,33,35,90,51,39,24,10,14,81,48,33,38,25,13,23,14,9,62,37,25,64,36,28
C2324,13,0,NAGALAND,Urban,Total,4117,1985,2132,533,222,311,1030,449,581,294,149,145,608,334,274,245,129,116,186,104,82,745,351,394,476,247,229
C2324,13,0,NAGALAND,Urban,Student,1193,642,551,181,94,87,365,181,184,70,38,32,128,74,54,42,24,18,15,5,10,352,204,148,40,22,18
C2324,13,0,NAGALAND,Urban,Household_duties,466,45,421,90,4,86,117,8,109,40,10,30,53,10,43,18,1,17,6,0,6,104,6,98,38,6,32
C2324,13,0,NAGALAND,Urban,Dependent,1791,887,904,166,69,97,350,145,205,159,87,72,299,158,141,155,82,73,139,85,54,188,87,101,335,174,161
C2324,13,0,NAGALAND,Urban,Pensioner,317,233,84,52,33,19,103,82,21,8,4,4,70,52,18,11,10,1,9,4,5,24,16,8,40,32,8
C2324,13,0,NAGALAND,Urban,Rentier,39,23,16,8,4,4,12,8,4,2,1,1,6,4,2,0,0,0,0,0,0,5,3,2,6,3,3
C2324,13,0,NAGALAND,Urban,Beggar _Vagrants_etc.,15,10,5,2,2,0,1,0,1,1,0,1,6,4,2,1,1,0,0,0,0,1,1,0,3,2,1
C2324,13,0,NAGALAND,Urban,Others,296,145,151,34,16,18,82,25,57,14,9,5,46,32,14,18,11,7,17,10,7,71,34,37,14,8,6
C2324,14,0,MANIPUR,Total,Total,32965,15915,17050,9973,4504,5469,6371,2890,3481,1527,783,744,3486,1919,1567,3292,1683,1609,1059,584,475,4654,2193,2461,2603,1359,1244
C2324,14,0,MANIPUR,Total,Student,11813,6251,5562,4746,2439,2307,2608,1382,1226,526,317,209,541,334,207,816,436,380,99,56,43,2125,1105,1020,352,182,170
C2324,14,0,MANIPUR,Total,Household_duties,3291,451,2840,1140,102,1038,700,72,628,170,31,139,306,87,219,273,44,229,101,20,81,465,66,399,136,29,107
C2324,14,0,MANIPUR,Total,Dependent,14692,7423,7269,3207,1499,1708,2463,1125,1338,695,351,344,2191,1179,1012,1915,1048,867,723,421,302,1604,779,825,1894,1021,873
C2324,14,0,MANIPUR,Total,Pensioner,840,599,241,194,139,55,213,141,72,30,22,8,188,149,39,42,31,11,30,23,7,72,46,26,71,48,23
C2324,14,0,MANIPUR,Total,Rentier,80,59,21,11,9,2,16,12,4,4,3,1,13,12,1,5,3,2,4,3,1,15,8,7,12,9,3
C2324,14,0,MANIPUR,Total,Beggar _Vagrants_etc.,69,44,25,5,2,3,4,3,1,3,3,0,6,3,3,23,15,8,8,5,3,4,3,1,16,10,6
C2324,14,0,MANIPUR,Total,Others,2180,1088,1092,670,314,356,367,155,212,99,56,43,241,155,86,218,106,112,94,56,38,369,186,183,122,60,62
C2324,14,0,MANIPUR,Rural,Total,21610,10684,10926,6649,3085,3564,4585,2153,2432,1015,536,479,2211,1227,984,1950,1037,913,557,299,258,2963,1459,1504,1680,888,792
C2324,14,0,MANIPUR,Rural,Student,8396,4498,3898,3348,1741,1607,1995,1066,929,379,220,159,389,252,137,550,295,255,61,40,21,1446,771,675,228,113,115
C2324,14,0,MANIPUR,Rural,Household_duties,1933,295,1638,668,68,600,406,49,357,103,21,82,182,53,129,146,25,121,58,10,48,284,47,237,86,22,64
C2324,14,0,MANIPUR,Rural,Dependent,9566,4903,4663,2167,1031,1136,1816,840,976,460,248,212,1393,751,642,1092,626,466,371,207,164,1024,517,507,1243,683,560
C2324,14,0,MANIPUR,Rural,Pensioner,433,311,122,96,69,27,121,81,40,14,10,4,87,69,18,27,22,5,10,7,3,39,28,11,39,25,14
C2324,14,0,MANIPUR,Rural,Rentier,37,29,8,5,4,1,7,6,1,1,1,0,6,6,0,3,2,1,1,1,0,7,4,3,7,5,2
C2324,14,0,MANIPUR,Rural,Beggar _Vagrants_etc.,47,32,15,3,1,2,3,2,1,3,3,0,4,3,1,15,10,5,7,5,2,2,1,1,10,7,3
C2324,14,0,MANIPUR,Rural,Others,1198,616,582,362,171,191,237,109,128,55,33,22,150,93,57,117,57,60,49,29,20,161,91,70,67,33,34
C2324,14,0,MANIPUR,Urban,Total,11355,5231,6124,3324,1419,1905,1786,737,1049,512,247,265,1275,692,583,1342,646,696,502,285,217,1691,734,957,923,471,452
C2324,14,0,MANIPUR,Urban,Student,3417,1753,1664,1398,698,700,613,316,297,147,97,50,152,82,70,266,141,125,38,16,22,679,334,345,124,69,55
C2324,14,0,MANIPUR,Urban,Household_duties,1358,156,1202,472,34,438,294,23,271,67,10,57,124,34,90,127,19,108,43,10,33,181,19,162,50,7,43
C2324,14,0,MANIPUR,Urban,Dependent,5126,2520,2606,1040,468,572,647,285,362,235,103,132,798,428,370,823,422,401,352,214,138,580,262,318,651,338,313
C2324,14,0,MANIPUR,Urban,Pensioner,407,288,119,98,70,28,92,60,32,16,12,4,101,80,21,15,9,6,20,16,4,33,18,15,32,23,9
C2324,14,0,MANIPUR,Urban,Rentier,43,30,13,6,5,1,9,6,3,3,2,1,7,6,1,2,1,1,3,2,1,8,4,4,5,4,1
C2324,14,0,MANIPUR,Urban,Beggar _Vagrants_etc.,22,12,10,2,1,1,1,1,0,0,0,0,2,0,2,8,5,3,1,0,1,2,2,0,6,3,3
C2324,14,0,MANIPUR,Urban,Others,982,472,510,308,143,165,130,46,84,44,23,21,91,62,29,101,49,52,45,27,18,208,95,113,55,27,28
C2324,15,0,MIZORAM,Total,Total,9661,4658,5003,1226,530,696,1612,723,889,707,320,387,1375,747,628,1142,561,581,874,470,404,1125,517,608,1600,790,810
C2324,15,0,MIZORAM,Total,Student,2035,1128,907,422,231,191,366,198,168,158,89,69,230,133,97,212,129,83,77,41,36,388,205,183,182,102,80
C2324,15,0,MIZORAM,Total,Household_duties,1468,235,1233,210,24,186,398,64,334,116,18,98,213,45,168,129,26,103,71,9,62,187,24,163,144,25,119
C2324,15,0,MIZORAM,Total,Dependent,5378,2792,2586,483,205,278,663,341,322,392,190,202,782,459,323,746,373,373,663,378,285,451,228,223,1198,618,580
C2324,15,0,MIZORAM,Total,Pensioner,264,196,68,39,25,14,96,71,25,9,5,4,52,44,8,12,7,5,15,13,2,22,17,5,19,14,5
C2324,15,0,MIZORAM,Total,Rentier,52,34,18,11,7,4,15,9,6,3,2,1,7,4,3,1,0,1,10,9,1,3,2,1,2,1,1
C2324,15,0,MIZORAM,Total,Beggar _Vagrants_etc.,20,15,5,5,5,0,0,0,0,1,1,0,6,5,1,0,0,0,3,2,1,1,0,1,4,2,2
C2324,15,0,MIZORAM,Total,Others,444,258,186,56,33,23,74,40,34,28,15,13,85,57,28,42,26,16,35,18,17,73,41,32,51,28,23
C2324,15,0,MIZORAM,Rural,Total,5045,2328,2717,697,290,407,872,370,502,394,190,204,774,408,366,513,246,267,312,129,183,622,289,333,861,406,455
C2324,15,0,MIZORAM,Rural,Student,1052,594,458,210,115,95,203,107,96,86,51,35,150,89,61,93,60,33,36,18,18,193,109,84,81,45,36
C2324,15,0,MIZORAM,Rural,Household_duties,831,134,697,129,19,110,228,42,186,55,10,45,120,26,94,58,8,50,36,3,33,116,13,103,89,13,76
C2324,15,0,MIZORAM,Rural,Dependent,2814,1388,1426,308,126,182,369,180,189,237,118,119,437,249,188,340,167,173,224,97,127,255,130,125,644,321,323
C2324,15,0,MIZORAM,Rural,Pensioner,95,64,31,13,7,6,35,23,12,1,1,0,17,14,3,6,4,2,2,1,1,8,5,3,13,9,4
C2324,15,0,MIZORAM,Rural,Rentier,18,10,8,2,0,2,4,2,2,2,2,0,6,3,3,0,0,0,0,0,0,2,2,0,2,1,1
C2324,15,0,MIZORAM,Rural,Beggar _Vagrants_etc.,15,10,5,4,4,0,0,0,0,0,0,0,4,3,1,0,0,0,3,2,1,1,0,1,3,1,2
C2324,15,0,MIZORAM,Rural,Others,220,128,92,31,19,12,33,16,17,13,8,5,40,24,16,16,7,9,11,8,3,47,30,17,29,16,13
C2324,15,0,MIZORAM,Urban,Total,4616,2330,2286,529,240,289,740,353,387,313,130,183,601,339,262,629,315,314,562,341,221,503,228,275,739,384,355
C2324,15,0,MIZORAM,Urban,Student,983,534,449,212,116,96,163,91,72,72,38,34,80,44,36,119,69,50,41,23,18,195,96,99,101,57,44
C2324,15,0,MIZORAM,Urban,Household_duties,637,101,536,81,5,76,170,22,148,61,8,53,93,19,74,71,18,53,35,6,29,71,11,60,55,12,43
C2324,15,0,MIZORAM,Urban,Dependent,2564,1404,1160,175,79,96,294,161,133,155,72,83,345,210,135,406,206,200,439,281,158,196,98,98,554,297,257
C2324,15,0,MIZORAM,Urban,Pensioner,169,132,37,26,18,8,61,48,13,8,4,4,35,30,5,6,3,3,13,12,1,14,12,2,6,5,1
C2324,15,0,MIZORAM,Urban,Rentier,34,24,10,9,7,2,11,7,4,1,0,1,1,1,0,1,0,1,10,9,1,1,0,1,0,0,0
C2324,15,0,MIZORAM,Urban,Beggar _Vagrants_etc.,5,5,0,1,1,0,0,0,0,1,1,0,2,2,0,0,0,0,0,0,0,0,0,0,1,1,0
C2324,15,0,MIZORAM,Urban,Others,224,130,94,25,14,11,41,24,17,15,7,8,45,33,12,26,19,7,24,10,14,26,11,15,22,12,10
C2324,16,0,TRIPURA,Total,Total,42719,19258,23461,6975,2694,4281,6288,2360,3928,3096,1436,1660,7935,4047,3888,3322,1671,1651,2356,1172,1184,7203,3130,4073,5544,2748,2796
C2324,16,0,TRIPURA,Total,Student,10116,5614,4502,1403,766,637,1661,860,801,928,539,389,1548,923,625,528,317,211,190,107,83,3121,1656,1465,737,446,291
C2324,16,0,TRIPURA,Total,Household_duties,4191,328,3863,842,55,787,915,50,865,303,31,272,553,59,494,272,23,249,231,22,209,834,44,790,241,44,197
C2324,16,0,TRIPURA,Total,Dependent,19216,9221,9995,2976,1170,1806,2218,916,1302,1313,647,666,3704,1912,1792,2002,1071,931,1475,789,686,1995,956,1039,3533,1760,1773
C2324,16,0,TRIPURA,Total,Pensioner,3430,1737,1693,843,391,452,593,284,309,104,57,47,897,503,394,86,44,42,111,55,56,277,147,130,519,256,263
C2324,16,0,TRIPURA,Total,Rentier,262,135,127,54,23,31,43,18,25,9,8,1,61,33,28,23,15,8,16,9,7,23,8,15,33,21,12
C2324,16,0,TRIPURA,Total,Beggar _Vagrants_etc.,147,78,69,31,19,12,13,6,7,6,3,3,29,20,9,25,8,17,16,8,8,7,4,3,20,10,10
C2324,16,0,TRIPURA,Total,Others,5357,2145,3212,826,270,556,845,226,619,433,151,282,1143,597,546,386,193,193,317,182,135,946,315,631,461,211,250
C2324,16,0,TRIPURA,Rural,Total,29340,13197,16143,4895,1911,2984,4468,1667,2801,2053,962,1091,5516,2830,2686,2235,1104,1131,1477,707,770,5077,2232,2845,3619,1784,1835
C2324,16,0,TRIPURA,Rural,Student,7251,4028,3223,978,526,452,1266,658,608,606,355,251,1140,679,461,384,232,152,126,68,58,2293,1226,1067,458,284,174
C2324,16,0,TRIPURA,Rural,Household_duties,2882,250,2632,576,39,537,636,36,600,191,22,169,385,52,333,200,15,185,148,17,131,584,35,549,162,34,128
C2324,16,0,TRIPURA,Rural,Dependent,13460,6477,6983,2173,869,1304,1629,678,951,943,461,482,2618,1361,1257,1361,718,643,936,498,438,1430,705,725,2370,1187,1183
C2324,16,0,TRIPURA,Rural,Pensioner,2268,1064,1204,569,266,303,366,152,214,65,32,33,638,332,306,52,20,32,70,31,39,153,73,80,355,158,197
C2324,16,0,TRIPURA,Rural,Rentier,131,56,75,30,14,16,28,9,19,1,1,0,33,15,18,7,5,2,7,2,5,15,5,10,10,5,5
C2324,16,0,TRIPURA,Rural,Beggar _Vagrants_etc.,89,47,42,23,16,7,8,4,4,4,1,3,17,11,6,11,4,7,9,3,6,6,3,3,11,5,6
C2324,16,0,TRIPURA,Rural,Others,3259,1275,1984,546,181,365,535,130,405,243,90,153,685,380,305,220,110,110,181,88,93,596,185,411,253,111,142
C2324,16,0,TRIPURA,Urban,Total,13379,6061,7318,2080,783,1297,1820,693,1127,1043,474,569,2419,1217,1202,1087,567,520,879,465,414,2126,898,1228,1925,964,961
C2324,16,0,TRIPURA,Urban,Student,2865,1586,1279,425,240,185,395,202,193,322,184,138,408,244,164,144,85,59,64,39,25,828,430,398,279,162,117
C2324,16,0,TRIPURA,Urban,Household_duties,1309,78,1231,266,16,250,279,14,265,112,9,103,168,7,161,72,8,64,83,5,78,250,9,241,79,10,69
C2324,16,0,TRIPURA,Urban,Dependent,5756,2744,3012,803,301,502,589,238,351,370,186,184,1086,551,535,641,353,288,539,291,248,565,251,314,1163,573,590
C2324,16,0,TRIPURA,Urban,Pensioner,1162,673,489,274,125,149,227,132,95,39,25,14,259,171,88,34,24,10,41,24,17,124,74,50,164,98,66
C2324,16,0,TRIPURA,Urban,Rentier,131,79,52,24,9,15,15,9,6,8,7,1,28,18,10,16,10,6,9,7,2,8,3,5,23,16,7
C2324,16,0,TRIPURA,Urban,Beggar _Vagrants_etc.,58,31,27,8,3,5,5,2,3,2,2,0,12,9,3,14,4,10,7,5,2,1,1,0,9,5,4
C2324,16,0,TRIPURA,Urban,Others,2098,870,1228,280,89,191,310,96,214,190,61,129,458,217,241,166,83,83,136,94,42,350,130,220,208,100,108
C2324,17,0,MEGHALAYA,Total,Total,27593,13117,14476,4134,1786,2348,6714,3056,3658,1749,837,912,3675,1905,1770,1712,860,852,1727,851,876,5119,2436,2683,2763,1386,1377
C2324,17,0,MEGHALAYA,Total,Student,9265,4883,4382,1359,682,677,2957,1598,1359,518,262,256,1076,602,474,367,184,183,246,138,108,2226,1137,1089,516,280,236
C2324,17,0,MEGHALAYA,Total,Household_duties,2571,349,2222,433,48,385,722,54,668,151,30,121,260,47,213,130,27,103,148,18,130,553,95,458,174,30,144
C2324,17,0,MEGHALAYA,Total,Dependent,14071,7027,7044,2061,917,1144,2682,1248,1434,998,499,499,2045,1092,953,1046,552,494,1210,635,575,2118,1097,1021,1911,987,924
C2324,17,0,MEGHALAYA,Total,Pensioner,410,224,186,99,49,50,108,55,53,12,8,4,72,45,27,10,5,5,12,3,9,42,27,15,55,32,23
C2324,17,0,MEGHALAYA,Total,Rentier,71,25,46,18,4,14,23,6,17,1,0,1,13,6,7,2,1,1,3,1,2,6,3,3,5,4,1
C2324,17,0,MEGHALAYA,Total,Beggar _Vagrants_etc.,117,60,57,38,25,13,10,2,8,5,1,4,19,14,5,13,6,7,13,5,8,7,4,3,12,3,9
C2324,17,0,MEGHALAYA,Total,Others,1088,549,539,126,61,65,212,93,119,64,37,27,190,99,91,144,85,59,95,51,44,167,73,94,90,50,40
C2324,17,0,MEGHALAYA,Rural,Total,22816,10858,11958,3522,1538,1984,5750,2636,3114,1462,711,751,3045,1581,1464,1237,604,633,1320,631,689,4195,2007,2188,2285,1150,1135
C2324,17,0,MEGHALAYA,Rural,Student,7612,4001,3611,1094,546,548,2478,1330,1148,417,213,204,894,498,396,272,143,129,191,101,90,1865,956,909,401,214,187
C2324,17,0,MEGHALAYA,Rural,Household_duties,2065,307,1758,351,47,304,589,45,544,118,25,93,201,37,164,108,24,84,117,15,102,447,91,356,134,23,111
C2324,17,0,MEGHALAYA,Rural,Dependent,11949,5968,5981,1865,841,1024,2425,1151,1274,860,436,424,1743,932,811,791,408,383,919,471,448,1728,886,842,1618,843,775
C2324,17,0,MEGHALAYA,Rural,Pensioner,244,120,124,63,26,37,71,33,38,7,4,3,31,16,15,3,2,1,5,2,3,23,13,10,41,24,17
C2324,17,0,MEGHALAYA,Rural,Rentier,33,17,16,10,4,6,7,3,4,1,0,1,5,4,1,1,0,1,1,0,1,3,2,1,5,4,1
C2324,17,0,MEGHALAYA,Rural,Beggar _Vagrants_etc.,98,47,51,33,21,12,10,2,8,5,1,4,17,12,5,7,3,4,10,3,7,6,3,3,10,2,8
C2324,17,0,MEGHALAYA,Rural,Others,815,398,417,106,53,53,170,72,98,54,32,22,154,82,72,55,24,31,77,39,38,123,56,67,76,40,36
C2324,17,0,MEGHALAYA,Urban,Total,4777,2259,2518,612,248,364,964,420,544,287,126,161,630,324,306,475,256,219,407,220,187,924,429,495,478,236,242
C2324,17,0,MEGHALAYA,Urban,Student,1653,882,771,265,136,129,479,268,211,101,49,52,182,104,78,95,41,54,55,37,18,361,181,180,115,66,49
C2324,17,0,MEGHALAYA,Urban,Household_duties,506,42,464,82,1,81,133,9,124,33,5,28,59,10,49,22,3,19,31,3,28,106,4,102,40,7,33
C2324,17,0,MEGHALAYA,Urban,Dependent,2122,1059,1063,196,76,120,257,97,160,138,63,75,302,160,142,255,144,111,291,164,127,390,211,179,293,144,149
C2324,17,0,MEGHALAYA,Urban,Pensioner,166,104,62,36,23,13,37,22,15,5,4,1,41,29,12,7,3,4,7,1,6,19,14,5,14,8,6
C2324,17,0,MEGHALAYA,Urban,Rentier,38,8,30,8,0,8,16,3,13,0,0,0,8,2,6,1,1,0,2,1,1,3,1,2,0,0,0
C2324,17,0,MEGHALAYA,Urban,Beggar _Vagrants_etc.,19,13,6,5,4,1,0,0,0,0,0,0,2,2,0,6,3,3,3,2,1,1,1,0,2,1,1
C2324,17,0,MEGHALAYA,Urban,Others,273,151,122,20,8,12,42,21,21,10,5,5,36,17,19,89,61,28,18,12,6,44,17,27,14,10,4
C2324,18,0,ASSAM,Total,Total,317280,138989,178291,51149,19709,31440,59405,22317,37088,26449,12007,14442,53123,26551,26572,19398,9696,9702,14468,7378,7090,52848,22436,30412,40440,18895,21545
C2324,18,0,ASSAM,Total,Student,64198,34896,29302,10260,5442,4818,15939,8166,7773,6246,3615,2631,7578,4581,2997,3042,1695,1347,765,452,313,17368,9198,8170,3000,1747,1253
C2324,18,0,ASSAM,Total,Household_duties,48764,6955,41809,9308,952,8356,11227,1127,10100,4571,798,3773,6241,1303,4938,2659,516,2143,2089,421,1668,9062,1017,8045,3607,821,2786
C2324,18,0,ASSAM,Total,Dependent,164536,76981,87555,24529,10009,14520,25449,10104,15345,12991,6344,6647,31222,15768,15454,11357,6194,5163,9537,5304,4233,20514,9525,10989,28937,13733,15204
C2324,18,0,ASSAM,Total,Pensioner,11416,6412,5004,2643,1373,1270,2490,1366,1124,320,201,119,2665,1697,968,174,90,84,308,154,154,1144,629,515,1672,902,770
C2324,18,0,ASSAM,Total,Rentier,712,425,287,124,68,56,138,63,75,37,21,16,137,99,38,40,31,9,26,16,10,103,54,49,107,73,34
C2324,18,0,ASSAM,Total,Beggar _Vagrants_etc.,5311,2884,2427,895,563,332,550,176,374,312,142,170,1259,801,458,441,220,221,371,182,189,390,209,181,1093,591,502
C2324,18,0,ASSAM,Total,Others,22343,10436,11907,3390,1302,2088,3612,1315,2297,1972,886,1086,4021,2302,1719,1685,950,735,1372,849,523,4267,1804,2463,2024,1028,996
C2324,18,0,ASSAM,Rural,Total,273021,119525,153496,44614,17271,27343,51451,19412,32039,22784,10348,12436,46650,23305,23345,16184,7963,8221,11989,5924,6065,43683,18774,24909,35666,16528,19138
C2324,18,0,ASSAM,Rural,Student,54313,29615,24698,8739,4651,4088,13722,7041,6681,5269,3060,2209,6689,4051,2638,2465,1350,1115,654,373,281,14251,7633,6618,2524,1456,1068
C2324,18,0,ASSAM,Rural,Household_duties,41358,6229,35129,7912,865,7047,9591,1027,8564,3866,720,3146,5417,1197,4220,2252,440,1812,1843,360,1483,7311,886,6425,3166,734,2432
C2324,18,0,ASSAM,Rural,Dependent,144607,67402,77205,22184,9097,13087,22479,9001,13478,11477,5576,5901,27798,14008,13790,9535,5126,4409,7772,4221,3551,17625,8246,9379,25737,12127,13610
C2324,18,0,ASSAM,Rural,Pensioner,9047,4967,4080,2104,1070,1034,1980,1062,918,225,131,94,2072,1298,774,128,70,58,238,118,120,878,468,410,1422,750,672
C2324,18,0,ASSAM,Rural,Rentier,369,214,155,56,26,30,67,25,42,19,11,8,63,46,17,24,19,5,18,11,7,55,28,27,67,48,19
C2324,18,0,ASSAM,Rural,Beggar _Vagrants_etc.,4952,2653,2299,843,525,318,530,166,364,295,132,163,1167,735,432,385,189,196,328,153,175,361,189,172,1043,564,479
C2324,18,0,ASSAM,Rural,Others,18375,8445,9930,2776,1037,1739,3082,1090,1992,1633,718,915,3444,1970,1474,1395,769,626,1136,688,448,3202,1324,1878,1707,849,858
C2324,18,0,ASSAM,Urban,Total,44259,19464,24795,6535,2438,4097,7954,2905,5049,3665,1659,2006,6473,3246,3227,3214,1733,1481,2479,1454,1025,9165,3662,5503,4774,2367,2407
C2324,18,0,ASSAM,Urban,Student,9885,5281,4604,1521,791,730,2217,1125,1092,977,555,422,889,530,359,577,345,232,111,79,32,3117,1565,1552,476,291,185
C2324,18,0,ASSAM,Urban,Household_duties,7406,726,6680,1396,87,1309,1636,100,1536,705,78,627,824,106,718,407,76,331,246,61,185,1751,131,1620,441,87,354
C2324,18,0,ASSAM,Urban,Dependent,19929,9579,10350,2345,912,1433,2970,1103,1867,1514,768,746,3424,1760,1664,1822,1068,754,1765,1083,682,2889,1279,1610,3200,1606,1594
C2324,18,0,ASSAM,Urban,Pensioner,2369,1445,924,539,303,236,510,304,206,95,70,25,593,399,194,46,20,26,70,36,34,266,161,105,250,152,98
C2324,18,0,ASSAM,Urban,Rentier,343,211,132,68,42,26,71,38,33,18,10,8,74,53,21,16,12,4,8,5,3,48,26,22,40,25,15
C2324,18,0,ASSAM,Urban,Beggar _Vagrants_etc.,359,231,128,52,38,14,20,10,10,17,10,7,92,66,26,56,31,25,43,29,14,29,20,9,50,27,23
C2324,18,0,ASSAM,Urban,Others,3968,1991,1977,614,265,349,530,225,305,339,168,171,577,332,245,290,181,109,236,161,75,1065,480,585,317,179,138
C2324,19,0,WB,Total,Total,1331890,591294,740596,262743,97665,165078,188625,70747,117878,97166,41938,55228,215217,114170,101047,106077,52660,53417,56899,29387,27512,241893,103626,138267,163270,81101,82169
C2324,19,0,WB,Total,Student,300705,165668,135037,60224,32142,28082,48796,25151,23645,27828,15632,12196,37833,23097,14736,18088,9967,8121,5537,3311,2226,83286,45395,37891,19113,10973,8140
C2324,19,0,WB,Total,Household_duties,196252,17638,178614,51080,3247,47833,36257,2451,33806,15827,1337,14490,23628,3363,20265,11491,1486,10005,6830,1005,5825,38672,2683,35989,12467,2066,10401
C2324,19,0,WB,Total,Dependent,594944,297960,296984,101911,43369,58542,69850,30150,39700,38008,18676,19332,105463,59587,45876,61952,33956,27996,34860,19791,15069,73884,36185,37699,109016,56246,52770
C2324,19,0,WB,Total,Pensioner,46629,27585,19044,11941,6663,5278,8270,4863,3407,1855,1164,691,10554,6756,3798,1294,753,541,1083,564,519,5774,3602,2172,5858,3220,2638
C2324,19,0,WB,Total,Rentier,6336,3506,2830,1169,549,620,834,415,419,380,204,176,1286,825,461,554,342,212,352,219,133,843,445,398,918,507,411
C2324,19,0,WB,Total,Beggar _Vagrants_etc.,13798,7697,6101,2794,1596,1198,1247,556,691,636,302,334,3428,2206,1222,1318,718,600,943,532,411,1197,629,568,2235,1158,1077
C2324,19,0,WB,Total,Others,173226,71240,101986,33624,10099,23525,23371,7161,16210,12632,4623,8009,33025,18336,14689,11380,5438,5942,7294,3965,3329,38237,14687,23550,13663,6931,6732
C2324,19,0,WB,Rural,Total,903350,406207,497143,171069,63927,107142,117597,44053,73544,63251,28137,35114,159666,85253,74413,71614,35434,36180,38601,19359,19242,155102,67471,87631,126450,62573,63877
C2324,19,0,WB,Rural,Student,206429,114908,91521,38368,20637,17731,30732,15905,14827,18922,10788,8134,29997,18374,11623,12321,6820,5501,4066,2410,1656,56938,31337,25601,15085,8637,6448
C2324,19,0,WB,Rural,Household_duties,123725,12938,110787,30537,2237,28300,21887,1679,20208,9238,935,8303,16645,2687,13958,7492,1109,6383,4866,757,4109,23684,1830,21854,9376,1704,7672
C2324,19,0,WB,Rural,Dependent,417672,210699,206973,70155,29865,40290,44721,19499,25222,26101,13058,13043,78762,44817,33945,42374,23022,19352,23285,12942,10343,47199,23793,23406,85075,43703,41372
C2324,19,0,WB,Rural,Pensioner,26473,14433,12040,7009,3550,3459,4454,2332,2122,650,348,302,6437,3967,2470,606,325,281,581,280,301,2562,1453,1109,4174,2178,1996
C2324,19,0,WB,Rural,Rentier,2798,1537,1261,493,230,263,309,146,163,146,79,67,561,364,197,266,159,107,146,95,51,350,170,180,527,294,233
C2324,19,0,WB,Rural,Beggar _Vagrants_etc.,10746,5776,4970,2166,1184,982,891,357,534,427,167,260,2746,1714,1032,1049,554,495,676,356,320,849,443,406,1942,1001,941
C2324,19,0,WB,Rural,Others,115507,45916,69591,22341,6224,16117,14603,4135,10468,7767,2762,5005,24518,13330,11188,7506,3445,4061,4981,2519,2462,23520,8445,15075,10271,5056,5215
C2324,19,0,WB,Urban,Total,428540,185087,243453,91674,33738,57936,71028,26694,44334,33915,13801,20114,55551,28917,26634,34463,17226,17237,18298,10028,8270,86791,36155,50636,36820,18528,18292
C2324,19,0,WB,Urban,Student,94276,50760,43516,21856,11505,10351,18064,9246,8818,8906,4844,4062,7836,4723,3113,5767,3147,2620,1471,901,570,26348,14058,12290,4028,2336,1692
C2324,19,0,WB,Urban,Household_duties,72527,4700,67827,20543,1010,19533,14370,772,13598,6589,402,6187,6983,676,6307,3999,377,3622,1964,248,1716,14988,853,14135,3091,362,2729
C2324,19,0,WB,Urban,Dependent,177272,87261,90011,31756,13504,18252,25129,10651,14478,11907,5618,6289,26701,14770,11931,19578,10934,8644,11575,6849,4726,26685,12392,14293,23941,12543,11398
C2324,19,0,WB,Urban,Pensioner,20156,13152,7004,4932,3113,1819,3816,2531,1285,1205,816,389,4117,2789,1328,688,428,260,502,284,218,3212,2149,1063,1684,1042,642
C2324,19,0,WB,Urban,Rentier,3538,1969,1569,676,319,357,525,269,256,234,125,109,725,461,264,288,183,105,206,124,82,493,275,218,391,213,178
C2324,19,0,WB,Urban,Beggar _Vagrants_etc.,3052,1921,1131,628,412,216,356,199,157,209,135,74,682,492,190,269,164,105,267,176,91,348,186,162,293,157,136
C2324,19,0,WB,Urban,Others,57719,25324,32395,11283,3875,7408,8768,3026,5742,4865,1861,3004,8507,5006,3501,3874,1993,1881,2313,1446,867,14717,6242,8475,3392,1875,1517
C2324,20,0,JHARKHAND,Total,Total,479847,225805,254042,108920,46864,62056,94399,40479,53920,29234,13873,15361,94714,49084,45630,26505,14145,12360,14643,8062,6581,64475,29397,35078,46957,23901,23056
C2324,20,0,JHARKHAND,Total,Student,142528,80644,61884,36440,19941,16499,33513,18238,15275,11294,6431,4863,21017,13072,7945,7041,4127,2914,1767,1102,665,25234,13962,11272,6222,3771,2451
C2324,20,0,JHARKHAND,Total,Household_duties,61661,5582,56079,16393,1123,15270,14923,1020,13903,4381,425,3956,9704,1254,8450,2391,366,2025,1358,188,1170,9679,698,8981,2832,508,2324
C2324,20,0,JHARKHAND,Total,Dependent,221920,109828,112092,45045,20253,24792,36890,16689,20201,11210,5721,5489,48171,25059,23112,14946,8347,6599,10021,5821,4200,23300,11462,11838,32337,16476,15861
C2324,20,0,JHARKHAND,Total,Pensioner,25280,14312,10968,5607,2989,2618,4509,2454,2055,737,427,310,8387,5087,3300,406,221,185,306,164,142,2059,1223,836,3269,1747,1522
C2324,20,0,JHARKHAND,Total,Rentier,694,426,268,146,76,70,115,56,59,24,12,12,213,148,65,35,24,11,22,19,3,62,42,20,77,49,28
C2324,20,0,JHARKHAND,Total,Beggar _Vagrants_etc.,3224,1849,1375,407,254,153,212,109,103,70,41,29,1427,797,630,188,112,76,155,105,50,272,154,118,493,277,216
C2324,20,0,JHARKHAND,Total,Others,24540,13164,11376,4882,2228,2654,4237,1913,2324,1518,816,702,5795,3667,2128,1498,948,550,1014,663,351,3869,1856,2013,1727,1073,654
C2324,20,0,JHARKHAND,Rural,Total,356703,168738,187965,82105,35556,46549,68099,29637,38462,20781,10095,10686,74052,38392,35660,19208,10116,9092,10203,5358,4845,44998,20916,24082,37257,18668,18589
C2324,20,0,JHARKHAND,Rural,Student,104234,59182,45052,26517,14510,12007,23900,13057,10843,8041,4633,3408,16465,10256,6209,5398,3161,2237,1338,825,513,17837,9889,7948,4738,2851,1887
C2324,20,0,JHARKHAND,Rural,Household_duties,39643,4361,35282,10792,895,9897,9027,747,8280,2565,317,2248,6917,1059,5858,1621,280,1341,994,157,837,5656,502,5154,2071,404,1667
C2324,20,0,JHARKHAND,Rural,Dependent,174711,85341,89370,36753,16425,20328,28914,13025,15889,8680,4402,4278,39220,20201,19019,10732,5860,4872,6830,3755,3075,17504,8598,8906,26078,13075,13003
C2324,20,0,JHARKHAND,Rural,Pensioner,20607,10949,9658,4585,2250,2335,3476,1717,1759,527,275,252,7074,4125,2949,325,164,161,238,117,121,1529,849,680,2853,1452,1401
C2324,20,0,JHARKHAND,Rural,Rentier,245,122,123,55,24,31,34,10,24,7,3,4,68,43,25,17,8,9,5,3,2,19,13,6,40,18,22
C2324,20,0,JHARKHAND,Rural,Beggar _Vagrants_etc.,1549,989,560,290,188,102,140,76,64,53,29,24,424,297,127,144,82,62,122,88,34,126,82,44,250,147,103
C2324,20,0,JHARKHAND,Rural,Others,15714,7794,7920,3113,1264,1849,2608,1005,1603,908,436,472,3884,2411,1473,971,561,410,676,413,263,2327,983,1344,1227,721,506
C2324,20,0,JHARKHAND,Urban,Total,123144,57067,66077,26815,11308,15507,26300,10842,15458,8453,3778,4675,20662,10692,9970,7297,4029,3268,4440,2704,1736,19477,8481,10996,9700,5233,4467
C2324,20,0,JHARKHAND,Urban,Student,38294,21462,16832,9923,5431,4492,9613,5181,4432,3253,1798,1455,4552,2816,1736,1643,966,677,429,277,152,7397,4073,3324,1484,920,564
C2324,20,0,JHARKHAND,Urban,Household_duties,22018,1221,20797,5601,228,5373,5896,273,5623,1816,108,1708,2787,195,2592,770,86,684,364,31,333,4023,196,3827,761,104,657
C2324,20,0,JHARKHAND,Urban,Dependent,47209,24487,22722,8292,3828,4464,7976,3664,4312,2530,1319,1211,8951,4858,4093,4214,2487,1727,3191,2066,1125,5796,2864,2932,6259,3401,2858
C2324,20,0,JHARKHAND,Urban,Pensioner,4673,3363,1310,1022,739,283,1033,737,296,210,152,58,1313,962,351,81,57,24,68,47,21,530,374,156,416,295,121
C2324,20,0,JHARKHAND,Urban,Rentier,449,304,145,91,52,39,81,46,35,17,9,8,145,105,40,18,16,2,17,16,1,43,29,14,37,31,6
C2324,20,0,JHARKHAND,Urban,Beggar _Vagrants_etc.,1675,860,815,117,66,51,72,33,39,17,12,5,1003,500,503,44,30,14,33,17,16,146,72,74,243,130,113
C2324,20,0,JHARKHAND,Urban,Others,8826,5370,3456,1769,964,805,1629,908,721,610,380,230,1911,1256,655,527,387,140,338,250,88,1542,873,669,500,352,148
C2324,21,0,ODISHA,Total,Total,817382,370028,447354,163235,65917,97318,137617,54849,82768,41007,18299,22708,179776,90645,89131,55693,28598,27095,33640,16627,17013,102240,44554,57686,104174,50539,53635
C2324,21,0,ODISHA,Total,Student,172700,97623,75077,37044,20355,16689,36111,19125,16986,14532,8543,5989,23479,14488,8991,14463,8622,5841,2138,1237,901,32135,17560,14575,12798,7693,5105
C2324,21,0,ODISHA,Total,Household_duties,104335,12142,92193,25032,2216,22816,22568,1904,20664,6628,598,6030,18135,3148,14987,5498,927,4571,4036,658,3378,15799,1424,14375,6639,1267,5372
C2324,21,0,ODISHA,Total,Dependent,391543,184609,206934,69295,28861,40434,55862,23095,32767,14947,6773,8174,92871,47171,45700,30251,15985,14266,22653,11955,10698,40109,18632,21477,65555,32137,33418
C2324,21,0,ODISHA,Total,Pensioner,88597,43777,44820,21761,9832,11929,14468,7007,7461,1782,890,892,27765,15126,12639,1641,777,864,1469,668,801,5756,2930,2826,13955,6547,7408
C2324,21,0,ODISHA,Total,Rentier,1518,866,652,317,147,170,232,128,104,46,29,17,461,306,155,63,44,19,55,31,24,137,68,69,207,113,94
C2324,21,0,ODISHA,Total,Beggar _Vagrants_etc.,6550,3850,2700,778,510,268,405,218,187,153,103,50,2930,1674,1256,375,236,139,490,279,211,726,406,320,693,424,269
C2324,21,0,ODISHA,Total,Others,52139,27161,24978,9008,3996,5012,7971,3372,4599,2919,1363,1556,14135,8732,5403,3402,2007,1395,2799,1799,1000,7578,3534,4044,4327,2358,1969
C2324,21,0,ODISHA,Rural,Total,694787,314655,380132,139256,56367,82889,113205,45187,68018,33237,15078,18159,157785,79272,78513,46803,23833,22970,28740,14007,14733,83797,36670,47127,91964,44241,47723
C2324,21,0,ODISHA,Rural,Student,142206,80445,61761,30150,16511,13639,28499,14951,13548,11981,7123,4858,20461,12724,7737,12523,7422,5101,1878,1087,791,26090,14261,11829,10624,6366,4258
C2324,21,0,ODISHA,Rural,Household_duties,86549,10771,75778,20699,2016,18683,18132,1606,16526,5076,499,4577,15971,2911,13060,4539,779,3760,3499,580,2919,12845,1244,11601,5788,1136,4652
C2324,21,0,ODISHA,Rural,Dependent,337025,159301,177724,60218,25276,34942,46565,19622,26943,12327,5710,6617,82463,41716,40747,25062,13080,11982,19252,10006,9246,33142,15616,17526,57996,28275,29721
C2324,21,0,ODISHA,Rural,Pensioner,81062,39115,41947,19943,8808,11135,13071,6138,6933,1454,656,798,25571,13674,11897,1477,684,793,1334,601,733,5068,2473,2595,13144,6081,7063
C2324,21,0,ODISHA,Rural,Rentier,1008,561,447,213,101,112,151,85,66,15,10,5,311,199,112,40,27,13,37,18,19,88,44,44,153,77,76
C2324,21,0,ODISHA,Rural,Beggar _Vagrants_etc.,3659,2246,1413,570,381,189,258,132,126,77,50,27,1188,741,447,309,197,112,404,230,174,336,202,134,517,313,204
C2324,21,0,ODISHA,Rural,Others,43278,22216,21062,7463,3274,4189,6529,2653,3876,2307,1030,1277,11820,7307,4513,2853,1644,1209,2336,1485,851,6228,2830,3398,3742,1993,1749
C2324,21,0,ODISHA,Urban,Total,122595,55373,67222,23979,9550,14429,24412,9662,14750,7770,3221,4549,21991,11373,10618,8890,4765,4125,4900,2620,2280,18443,7884,10559,12210,6298,5912
C2324,21,0,ODISHA,Urban,Student,30494,17178,13316,6894,3844,3050,7612,4174,3438,2551,1420,1131,3018,1764,1254,1940,1200,740,260,150,110,6045,3299,2746,2174,1327,847
C2324,21,0,ODISHA,Urban,Household_duties,17786,1371,16415,4333,200,4133,4436,298,4138,1552,99,1453,2164,237,1927,959,148,811,537,78,459,2954,180,2774,851,131,720
C2324,21,0,ODISHA,Urban,Dependent,54518,25308,29210,9077,3585,5492,9297,3473,5824,2620,1063,1557,10408,5455,4953,5189,2905,2284,3401,1949,1452,6967,3016,3951,7559,3862,3697
C2324,21,0,ODISHA,Urban,Pensioner,7535,4662,2873,1818,1024,794,1397,869,528,328,234,94,2194,1452,742,164,93,71,135,67,68,688,457,231,811,466,345
C2324,21,0,ODISHA,Urban,Rentier,510,305,205,104,46,58,81,43,38,31,19,12,150,107,43,23,17,6,18,13,5,49,24,25,54,36,18
C2324,21,0,ODISHA,Urban,Beggar _Vagrants_etc.,2891,1604,1287,208,129,79,147,86,61,76,53,23,1742,933,809,66,39,27,86,49,37,390,204,186,176,111,65
C2324,21,0,ODISHA,Urban,Others,8861,4945,3916,1545,722,823,1442,719,723,612,333,279,2315,1425,890,549,363,186,463,314,149,1350,704,646,585,365,220
C2324,22,0,CHHATTISGARH,Total,Total,384091,176471,207620,65634,26835,38799,47679,19725,27954,16454,7978,8476,116355,56309,60046,24629,12436,12193,15625,7780,7845,39619,18198,21421,58096,27210,30886
C2324,22,0,CHHATTISGARH,Total,Student,86199,48976,37223,15912,8761,7151,11834,6585,5249,6408,3564,2844,21220,12895,8325,6694,3783,2911,1377,820,557,15473,8425,7048,7281,4143,3138
C2324,22,0,CHHATTISGARH,Total,Household_duties,34929,3134,31795,6893,482,6411,5827,381,5446,1662,118,1544,10492,1105,9387,1632,215,1417,1170,164,1006,4846,309,4537,2407,360,2047
C2324,22,0,CHHATTISGARH,Total,Dependent,186568,87751,98817,28576,11577,16999,19677,8256,11421,6666,3444,3222,56416,27466,28950,13822,7177,6645,10778,5542,5236,14022,6913,7109,36611,17376,19235
C2324,22,0,CHHATTISGARH,Total,Pensioner,52265,23039,29226,11018,4392,6626,7878,3319,4559,876,394,482,18884,9208,9676,996,406,590,783,271,512,2698,1216,1482,9132,3833,5299
C2324,22,0,CHHATTISGARH,Total,Rentier,1034,626,408,201,106,95,178,96,82,25,18,7,363,236,127,22,13,9,27,24,3,58,36,22,160,97,63
C2324,22,0,CHHATTISGARH,Total,Beggar _Vagrants_etc.,2537,1329,1208,366,224,142,175,67,108,39,20,19,843,459,384,181,103,78,247,129,118,319,147,172,367,180,187
C2324,22,0,CHHATTISGARH,Total,Others,20559,11616,8943,2668,1293,1375,2110,1021,1089,778,420,358,8137,4940,3197,1282,739,543,1243,830,413,2203,1152,1051,2138,1221,917
C2324,22,0,CHHATTISGARH,Rural,Total,297170,137032,160138,50391,20780,29611,35792,14993,20799,11795,5895,5900,93710,45294,48416,18110,9052,9058,11651,5658,5993,28214,13407,14807,47507,21953,25554
C2324,22,0,CHHATTISGARH,Rural,Student,66058,37994,28064,11139,6239,4900,8526,4821,3705,4853,2721,2132,17554,10777,6777,5419,3077,2342,1103,646,457,11630,6395,5235,5834,3318,2516
C2324,22,0,CHHATTISGARH,Rural,Household_duties,21303,2452,18851,3986,388,3598,3330,295,3035,776,78,698,7218,909,6309,1026,160,866,750,113,637,2452,219,2233,1765,290,1475
C2324,22,0,CHHATTISGARH,Rural,Dependent,149542,68819,80723,23552,9385,14167,15722,6467,9255,4964,2558,2406,46549,22228,24321,9917,4957,4960,8141,4025,4116,10575,5151,5424,30122,14048,16074
C2324,22,0,CHHATTISGARH,Rural,Pensioner,43976,18729,25247,9466,3677,5789,6591,2657,3934,672,279,393,15884,7467,8417,791,306,485,632,208,424,2074,882,1192,7866,3253,4613
C2324,22,0,CHHATTISGARH,Rural,Rentier,537,302,235,122,58,64,90,48,42,7,4,3,192,116,76,11,3,8,13,11,2,18,12,6,84,50,34
C2324,22,0,CHHATTISGARH,Rural,Beggar _Vagrants_etc.,1204,689,515,248,148,100,107,42,65,21,10,11,297,188,109,121,76,45,134,79,55,72,45,27,204,101,103
C2324,22,0,CHHATTISGARH,Rural,Others,14550,8047,6503,1878,885,993,1426,663,763,502,245,257,6016,3609,2407,825,473,352,878,576,302,1393,703,690,1632,893,739
C2324,22,0,CHHATTISGARH,Urban,Total,86921,39439,47482,15243,6055,9188,11887,4732,7155,4659,2083,2576,22645,11015,11630,6519,3384,3135,3974,2122,1852,11405,4791,6614,10589,5257,5332
C2324,22,0,CHHATTISGARH,Urban,Student,20141,10982,9159,4773,2522,2251,3308,1764,1544,1555,843,712,3666,2118,1548,1275,706,569,274,174,100,3843,2030,1813,1447,825,622
C2324,22,0,CHHATTISGARH,Urban,Household_duties,13626,682,12944,2907,94,2813,2497,86,2411,886,40,846,3274,196,3078,606,55,551,420,51,369,2394,90,2304,642,70,572
C2324,22,0,CHHATTISGARH,Urban,Dependent,37026,18932,18094,5024,2192,2832,3955,1789,2166,1702,886,816,9867,5238,4629,3905,2220,1685,2637,1517,1120,3447,1762,1685,6489,3328,3161
C2324,22,0,CHHATTISGARH,Urban,Pensioner,8289,4310,3979,1552,715,837,1287,662,625,204,115,89,3000,1741,1259,205,100,105,151,63,88,624,334,290,1266,580,686
C2324,22,0,CHHATTISGARH,Urban,Rentier,497,324,173,79,48,31,88,48,40,18,14,4,171,120,51,11,10,1,14,13,1,40,24,16,76,47,29
C2324,22,0,CHHATTISGARH,Urban,Beggar _Vagrants_etc.,1333,640,693,118,76,42,68,25,43,18,10,8,546,271,275,60,27,33,113,50,63,247,102,145,163,79,84
C2324,22,0,CHHATTISGARH,Urban,Others,6009,3569,2440,790,408,382,684,358,326,276,175,101,2121,1331,790,457,266,191,365,254,111,810,449,361,506,328,178
C2324,23,0,MP,Total,Total,938010,455608,482402,164416,71463,92953,148698,64110,84588,41997,20916,21081,233985,123778,110207,57123,32119,25004,30511,17518,12993,159249,72791,86458,102031,52913,49118
C2324,23,0,MP,Total,Student,282456,160897,121559,48524,26836,21688,52721,28355,24366,18743,10799,7944,56159,35231,20928,15472,9080,6392,4110,2433,1677,68746,37451,31295,17981,10712,7269
C2324,23,0,MP,Total,Household_duties,116958,10052,106906,21240,1444,19796,23819,1669,22150,6353,538,5815,27775,2711,25064,5031,786,4245,2524,403,2121,24642,1623,23019,5574,878,4696
C2324,23,0,MP,Total,Dependent,424269,220353,203916,73458,32722,40736,56838,26326,30512,13583,7718,5865,109714,60774,48940,31904,19218,12686,20493,12428,8065,52768,26779,25989,65511,34388,31123
C2324,23,0,MP,Total,Pensioner,61395,32638,28757,13669,6386,7283,8823,4493,4330,1242,765,477,22001,12990,9011,1098,540,558,809,390,419,5311,2940,2371,8442,4134,4308
C2324,23,0,MP,Total,Rentier,1747,1098,649,326,176,150,282,158,124,47,26,21,603,417,186,73,53,20,41,33,8,144,80,64,231,155,76
C2324,23,0,MP,Total,Beggar _Vagrants_etc.,4868,3135,1733,1008,652,356,391,255,136,85,56,29,1371,911,460,472,324,148,385,275,110,481,277,204,675,385,290
C2324,23,0,MP,Total,Others,46317,27435,18882,6191,3247,2944,5824,2854,2970,1944,1014,930,16362,10744,5618,3073,2118,955,2149,1556,593,7157,3641,3516,3617,2261,1356
C2324,23,0,MP,Rural,Total,638817,315952,322865,113206,49984,63222,92429,41315,51114,26473,13882,12591,173983,92702,81281,35790,20143,15647,19512,11131,8381,101850,48342,53508,75574,38453,37121
C2324,23,0,MP,Rural,Student,192967,110847,82120,30550,16958,13592,32494,17628,14866,12607,7354,5253,43632,27544,16088,11114,6481,4633,3016,1776,1240,46319,25341,20978,13235,7765,5470
C2324,23,0,MP,Rural,Household_duties,63265,7038,56227,10926,980,9946,11219,1077,10142,3093,363,2730,17812,2115,15697,2722,510,2212,1478,277,1201,12298,1058,11240,3717,658,3059
C2324,23,0,MP,Rural,Dependent,307332,157375,149957,56681,24960,31721,39726,18327,21399,8990,5213,3777,84689,46222,38467,19194,11419,7775,12989,7789,5200,36090,18309,17781,48973,25136,23837
C2324,23,0,MP,Rural,Pensioner,44039,21919,22120,10592,4669,5923,5671,2608,3063,693,388,305,16019,9029,6990,738,344,394,501,219,282,3197,1604,1593,6628,3058,3570
C2324,23,0,MP,Rural,Rentier,823,501,322,186,96,90,124,67,57,15,8,7,284,192,92,21,15,6,12,8,4,56,32,24,125,83,42
C2324,23,0,MP,Rural,Beggar _Vagrants_etc.,3003,1967,1036,700,456,244,261,167,94,49,32,17,748,504,244,302,216,86,261,189,72,205,128,77,477,275,202
C2324,23,0,MP,Rural,Others,27388,16305,11083,3571,1865,1706,2934,1441,1493,1026,524,502,10799,7096,3703,1699,1158,541,1255,873,382,3685,1870,1815,2419,1478,941
C2324,23,0,MP,Urban,Total,299193,139656,159537,51210,21479,29731,56269,22795,33474,15524,7034,8490,60002,31076,28926,21333,11976,9357,10999,6387,4612,57399,24449,32950,26457,14460,11997
C2324,23,0,MP,Urban,Student,89489,50050,39439,17974,9878,8096,20227,10727,9500,6136,3445,2691,12527,7687,4840,4358,2599,1759,1094,657,437,22427,12110,10317,4746,2947,1799
C2324,23,0,MP,Urban,Household_duties,53693,3014,50679,10314,464,9850,12600,592,12008,3260,175,3085,9963,596,9367,2309,276,2033,1046,126,920,12344,565,11779,1857,220,1637
C2324,23,0,MP,Urban,Dependent,116937,62978,53959,16777,7762,9015,17112,7999,9113,4593,2505,2088,25025,14552,10473,12710,7799,4911,7504,4639,2865,16678,8470,8208,16538,9252,7286
C2324,23,0,MP,Urban,Pensioner,17356,10719,6637,3077,1717,1360,3152,1885,1267,549,377,172,5982,3961,2021,360,196,164,308,171,137,2114,1336,778,1814,1076,738
C2324,23,0,MP,Urban,Rentier,924,597,327,140,80,60,158,91,67,32,18,14,319,225,94,52,38,14,29,25,4,88,48,40,106,72,34
C2324,23,0,MP,Urban,Beggar _Vagrants_etc.,1865,1168,697,308,196,112,130,88,42,36,24,12,623,407,216,170,108,62,124,86,38,276,149,127,198,110,88
C2324,23,0,MP,Urban,Others,18929,11130,7799,2620,1382,1238,2890,1413,1477,918,490,428,5563,3648,1915,1374,960,414,894,683,211,3472,1771,1701,1198,783,415
C2324,24,0,GUJARAT,Total,Total,712238,319622,392616,137498,55035,82463,118965,45897,73068,38244,17845,20399,146102,68903,77199,56600,31975,24625,33089,18085,15004,118495,48330,70165,63245,33552,29693
C2324,24,0,GUJARAT,Total,Student,192532,112644,79888,40315,22742,17573,32825,18457,14368,15424,9537,5887,27363,17176,10187,15967,9957,6010,3786,2358,1428,43960,24399,19561,12892,8018,4874
C2324,24,0,GUJARAT,Total,Household_duties,152487,7221,145266,32835,1239,31596,30034,1232,28802,9336,468,8868,33547,1485,32062,5525,642,4883,4900,397,4503,30534,1198,29336,5776,560,5216
C2324,24,0,GUJARAT,Total,Dependent,326703,174088,152615,57247,26685,30562,49543,22321,27222,11749,6713,5036,72620,41781,30839,32952,19875,13077,22299,13826,8473,38513,19690,18823,41780,23197,18583
C2324,24,0,GUJARAT,Total,Pensioner,13283,9470,3813,2845,2017,828,3025,2137,888,558,407,151,3649,2745,904,192,117,75,360,258,102,1810,1236,574,844,553,291
C2324,24,0,GUJARAT,Total,Rentier,1473,867,606,283,161,122,324,173,151,39,24,15,443,283,160,41,27,14,53,35,18,168,95,73,122,69,53
C2324,24,0,GUJARAT,Total,Beggar _Vagrants_etc.,1686,1179,507,258,185,73,105,67,38,51,33,18,548,397,151,232,173,59,226,157,69,109,66,43,157,101,56
C2324,24,0,GUJARAT,Total,Others,24074,14153,9921,3715,2006,1709,3109,1510,1599,1087,663,424,7932,5036,2896,1691,1184,507,1465,1054,411,3401,1646,1755,1674,1054,620
C2324,24,0,GUJARAT,Rural,Total,360644,170950,189694,61530,25978,35552,50626,20398,30228,18304,9511,8793,88269,43385,44884,33102,18768,14334,18805,10165,8640,51580,22238,29342,38428,20507,17921
C2324,24,0,GUJARAT,Rural,Student,98028,58733,39295,16512,9472,7040,12375,7116,5259,8303,5384,2919,18624,11801,6823,11512,7199,4313,2251,1424,827,20471,11408,9063,7980,4929,3051
C2324,24,0,GUJARAT,Rural,Household_duties,58797,3146,55651,10191,473,9718,9481,459,9022,3220,173,3047,17422,852,16570,2708,310,2398,2478,185,2293,10504,413,10091,2793,281,2512
C2324,24,0,GUJARAT,Rural,Dependent,188241,99380,88861,32543,14689,17854,26875,11756,15119,6213,3602,2611,46130,26653,19477,18013,10679,7334,13155,7913,5242,18854,9527,9327,26458,14561,11897
C2324,24,0,GUJARAT,Rural,Pensioner,3360,2383,977,630,430,200,672,466,206,98,74,24,1099,848,251,77,47,30,140,98,42,373,254,119,271,166,105
C2324,24,0,GUJARAT,Rural,Rentier,484,295,189,94,58,36,95,56,39,7,4,3,163,106,57,17,11,6,22,17,5,42,23,19,44,20,24
C2324,24,0,GUJARAT,Rural,Beggar _Vagrants_etc.,455,305,150,78,55,23,29,20,9,11,6,5,123,81,42,43,32,11,78,52,26,33,20,13,60,39,21
C2324,24,0,GUJARAT,Rural,Others,11279,6708,4571,1482,801,681,1099,525,574,452,268,184,4708,3044,1664,732,490,242,681,476,205,1303,593,710,822,511,311
C2324,24,0,GUJARAT,Urban,Total,351594,148672,202922,75968,29057,46911,68339,25499,42840,19940,8334,11606,57833,25518,32315,23498,13207,10291,14284,7920,6364,66915,26092,40823,24817,13045,11772
C2324,24,0,GUJARAT,Urban,Student,94504,53911,40593,23803,13270,10533,20450,11341,9109,7121,4153,2968,8739,5375,3364,4455,2758,1697,1535,934,601,23489,12991,10498,4912,3089,1823
C2324,24,0,GUJARAT,Urban,Household_duties,93690,4075,89615,22644,766,21878,20553,773,19780,6116,295,5821,16125,633,15492,2817,332,2485,2422,212,2210,20030,785,19245,2983,279,2704
C2324,24,0,GUJARAT,Urban,Dependent,138462,74708,63754,24704,11996,12708,22668,10565,12103,5536,3111,2425,26490,15128,11362,14939,9196,5743,9144,5913,3231,19659,10163,9496,15322,8636,6686
C2324,24,0,GUJARAT,Urban,Pensioner,9923,7087,2836,2215,1587,628,2353,1671,682,460,333,127,2550,1897,653,115,70,45,220,160,60,1437,982,455,573,387,186
C2324,24,0,GUJARAT,Urban,Rentier,989,572,417,189,103,86,229,117,112,32,20,12,280,177,103,24,16,8,31,18,13,126,72,54,78,49,29
C2324,24,0,GUJARAT,Urban,Beggar _Vagrants_etc.,1231,874,357,180,130,50,76,47,29,40,27,13,425,316,109,189,141,48,148,105,43,76,46,30,97,62,35
C2324,24,0,GUJARAT,Urban,Others,12795,7445,5350,2233,1205,1028,2010,985,1025,635,395,240,3224,1992,1232,959,694,265,784,578,206,2098,1053,1045,852,543,309
C2324,25,0,DIU,Total,Total,1422,650,772,216,82,134,182,53,129,89,48,41,395,183,212,156,82,74,81,48,33,119,57,62,184,97,87
C2324,25,0,DIU,Total,Student,239,134,105,49,30,19,43,19,24,18,14,4,60,33,27,11,6,5,7,4,3,32,18,14,19,10,9
C2324,25,0,DIU,Total,Household_duties,270,28,242,54,2,52,37,5,32,13,1,12,81,10,71,24,3,21,7,0,7,31,4,27,23,3,20
C2324,25,0,DIU,Total,Dependent,785,409,376,96,41,55,85,19,66,49,28,21,205,108,97,114,69,45,65,42,23,43,29,14,128,73,55
C2324,25,0,DIU,Total,Pensioner,37,25,12,9,7,2,5,3,2,1,0,1,12,7,5,1,0,1,0,0,0,3,3,0,6,5,1
C2324,25,0,DIU,Total,Rentier,6,5,1,1,0,1,1,1,0,1,1,0,2,2,0,0,0,0,0,0,0,1,1,0,0,0,0
C2324,25,0,DIU,Total,Beggar _Vagrants_etc.,5,5,0,0,0,0,0,0,0,0,0,0,2,2,0,2,2,0,0,0,0,0,0,0,1,1,0
C2324,25,0,DIU,Total,Others,80,44,36,7,2,5,11,6,5,7,4,3,33,21,12,4,2,2,2,2,0,9,2,7,7,5,2
C2324,25,0,DIU,Rural,Total,515,241,274,72,28,44,46,11,35,40,19,21,164,76,88,58,32,26,31,18,13,40,19,21,64,38,26
C2324,25,0,DIU,Rural,Student,100,57,43,20,14,6,11,5,6,7,6,1,33,18,15,3,2,1,4,2,2,15,6,9,7,4,3
C2324,25,0,DIU,Rural,Household_duties,105,15,90,20,1,19,11,1,10,6,0,6,34,8,26,13,1,12,4,0,4,9,1,8,8,3,5
C2324,25,0,DIU,Rural,Dependent,264,144,120,26,10,16,22,4,18,23,11,12,73,36,37,40,28,12,23,16,7,14,12,2,43,27,16
C2324,25,0,DIU,Rural,Pensioner,9,4,5,2,2,0,1,0,1,1,0,1,4,1,3,0,0,0,0,0,0,0,0,0,1,1,0
C2324,25,0,DIU,Rural,Rentier,2,2,0,0,0,0,0,0,0,1,1,0,1,1,0,0,0,0,0,0,0,0,0,0,0,0,0
C2324,25,0,DIU,Rural,Beggar _Vagrants_etc.,0,0,0,0,0,0,0,0,0,0,0,0,0,0,0,0,0,0,0,0,0,0,0,0,0,0,0
C2324,25,0,DIU,Rural,Others,35,19,16,4,1,3,1,1,0,2,1,1,19,12,7,2,1,1,0,0,0,2,0,2,5,3,2
C2324,25,0,DIU,Urban,Total,907,409,498,144,54,90,136,42,94,49,29,20,231,107,124,98,50,48,50,30,20,79,38,41,120,59,61
C2324,25,0,DIU,Urban,Student,139,77,62,29,16,13,32,14,18,11,8,3,27,15,12,8,4,4,3,2,1,17,12,5,12,6,6
C2324,25,0,DIU,Urban,Household_duties,165,13,152,34,1,33,26,4,22,7,1,6,47,2,45,11,2,9,3,0,3,22,3,19,15,0,15
C2324,25,0,DIU,Urban,Dependent,521,265,256,70,31,39,63,15,48,26,17,9,132,72,60,74,41,33,42,26,16,29,17,12,85,46,39
C2324,25,0,DIU,Urban,Pensioner,28,21,7,7,5,2,4,3,1,0,0,0,8,6,2,1,0,1,0,0,0,3,3,0,5,4,1
C2324,25,0,DIU,Urban,Rentier,4,3,1,1,0,1,1,1,0,0,0,0,1,1,0,0,0,0,0,0,0,1,1,0,0,0,0
C2324,25,0,DIU,Urban,Beggar _Vagrants_etc.,5,5,0,0,0,0,0,0,0,0,0,0,2,2,0,2,2,0,0,0,0,0,0,0,1,1,0
C2324,25,0,DIU,Urban,Others,45,25,20,3,1,2,10,5,5,5,3,2,14,9,5,2,1,1,2,2,0,7,2,5,2,2,0
C2324,26,0,DADRA,Total,Total,2135,1048,1087,272,115,157,427,188,239,134,62,72,426,239,187,153,80,73,89,55,34,273,115,158,361,194,167
C2324,26,0,DADRA,Total,Student,625,365,260,64,31,33,129,78,51,44,26,18,90,64,26,49,30,19,9,6,3,123,63,60,117,67,50
C2324,26,0,DADRA,Total,Household_duties,339,38,301,50,7,43,89,6,83,29,3,26,73,9,64,13,4,9,11,0,11,47,3,44,27,6,21
C2324,26,0,DADRA,Total,Dependent,1055,575,480,146,69,77,185,90,95,56,30,26,223,139,84,87,45,42,57,40,17,90,45,45,211,117,94
C2324,26,0,DADRA,Total,Pensioner,17,13,4,1,1,0,4,3,1,0,0,0,10,7,3,0,0,0,1,1,0,0,0,0,1,1,0
C2324,26,0,DADRA,Total,Rentier,14,12,2,2,2,0,3,2,1,0,0,0,6,6,0,0,0,0,1,1,0,2,1,1,0,0,0
C2324,26,0,DADRA,Total,Beggar _Vagrants_etc.,5,2,3,2,1,1,0,0,0,0,0,0,2,1,1,1,0,1,0,0,0,0,0,0,0,0,0
C2324,26,0,DADRA,Total,Others,80,43,37,7,4,3,17,9,8,5,3,2,22,13,9,3,1,2,10,7,3,11,3,8,5,3,2
C2324,26,0,DADRA,Rural,Total,1248,630,618,172,72,100,226,114,112,75,34,41,240,133,107,93,52,41,65,39,26,132,61,71,245,125,120
C2324,26,0,DADRA,Rural,Student,364,217,147,39,20,19,69,45,24,22,14,8,56,40,16,29,17,12,5,3,2,65,34,31,79,44,35
C2324,26,0,DADRA,Rural,Household_duties,146,26,120,26,5,21,33,5,28,15,1,14,29,6,23,6,4,2,6,0,6,16,1,15,15,4,11
C2324,26,0,DADRA,Rural,Dependent,677,349,328,102,45,57,112,55,57,34,16,18,134,74,60,55,31,24,43,28,15,48,25,23,149,75,74
C2324,26,0,DADRA,Rural,Pensioner,4,3,1,0,0,0,0,0,0,0,0,0,3,2,1,0,0,0,1,1,0,0,0,0,0,0,0
C2324,26,0,DADRA,Rural,Rentier,2,2,0,0,0,0,1,1,0,0,0,0,1,1,0,0,0,0,0,0,0,0,0,0,0,0,0
C2324,26,0,DADRA,Rural,Beggar _Vagrants_etc.,5,2,3,2,1,1,0,0,0,0,0,0,2,1,1,1,0,1,0,0,0,0,0,0,0,0,0
C2324,26,0,DADRA,Rural,Others,50,31,19,3,1,2,11,8,3,4,3,1,15,9,6,2,0,2,10,7,3,3,1,2,2,2,0
C2324,26,0,DADRA,Urban,Total,887,418,469,100,43,57,201,74,127,59,28,31,186,106,80,60,28,32,24,16,8,141,54,87,116,69,47
C2324,26,0,DADRA,Urban,Student,261,148,113,25,11,14,60,33,27,22,12,10,34,24,10,20,13,7,4,3,1,58,29,29,38,23,15
C2324,26,0,DADRA,Urban,Household_duties,193,12,181,24,2,22,56,1,55,14,2,12,44,3,41,7,0,7,5,0,5,31,2,29,12,2,10
C2324,26,0,DADRA,Urban,Dependent,378,226,152,44,24,20,73,35,38,22,14,8,89,65,24,32,14,18,14,12,2,42,20,22,62,42,20
C2324,26,0,DADRA,Urban,Pensioner,13,10,3,1,1,0,4,3,1,0,0,0,7,5,2,0,0,0,0,0,0,0,0,0,1,1,0
C2324,26,0,DADRA,Urban,Rentier,12,10,2,2,2,0,2,1,1,0,0,0,5,5,0,0,0,0,1,1,0,2,1,1,0,0,0
C2324,26,0,DADRA,Urban,Beggar _Vagrants_etc.,0,0,0,0,0,0,0,0,0,0,0,0,0,0,0,0,0,0,0,0,0,0,0,0,0,0,0
C2324,26,0,DADRA,Urban,Others,30,12,18,4,3,1,6,1,5,1,0,1,7,4,3,1,1,0,0,0,0,8,2,6,3,1,2
C2324,27,0,MAHARASHTRA,Total,Total,1715055,809369,905686,332179,144260,187919,262408,114968,147440,224890,91386,133504,308347,169675,138672,128882,69360,59522,44411,23360,21051,284378,126095,158283,129560,70265,59295
C2324,27,0,MAHARASHTRA,Total,Student,575995,330043,245952,119966,67023,52943,93142,51776,41366,93268,51703,41565,71355,46084,25271,43754,26605,17149,4635,2747,1888,117571,64566,53005,32304,19539,12765
C2324,27,0,MAHARASHTRA,Total,Household_duties,289823,23223,266600,57971,3502,54469,48735,3413,45322,61382,5270,56112,42825,3810,39015,10923,1663,9260,5473,668,4805,52855,3505,49350,9659,1392,8267
C2324,27,0,MAHARASHTRA,Total,Dependent,707384,362495,344889,131288,59087,72201,99341,45709,53632,49363,22679,26684,156597,91854,64743,67628,36931,30697,29420,16613,12807,94985,46307,48678,78762,43315,35447
C2324,27,0,MAHARASHTRA,Total,Pensioner,57372,43424,13948,9462,7250,2212,10387,8152,2235,11023,6944,4079,14663,12380,2283,852,571,281,812,558,254,7505,5461,2044,2668,2108,560
C2324,27,0,MAHARASHTRA,Total,Rentier,3386,2034,1352,658,389,269,592,307,285,349,179,170,940,661,279,118,75,43,86,54,32,387,207,180,256,162,94
C2324,27,0,MAHARASHTRA,Total,Beggar _Vagrants_etc.,4456,2738,1718,961,578,383,325,193,132,194,120,74,1244,823,421,275,146,129,535,338,197,433,253,180,489,287,202
C2324,27,0,MAHARASHTRA,Total,Others,76639,45412,31227,11873,6431,5442,9886,5418,4468,9311,4491,4820,20723,14063,6660,5332,3369,1963,3450,2382,1068,10642,5796,4846,5422,3462,1960
C2324,27,0,MAHARASHTRA,Rural,Total,908114,453399,454715,176779,80730,96049,120756,56455,64301,100207,44925,55282,194787,109934,84853,71714,38488,33226,23437,12066,11371,138279,65647,72632,82155,45154,37001
C2324,27,0,MAHARASHTRA,Rural,Student,318179,186102,132077,63533,35895,27638,43365,24866,18499,49165,27998,21167,48352,31546,16806,27417,16482,10935,2414,1450,964,63511,35334,28177,20422,12531,7891
C2324,27,0,MAHARASHTRA,Rural,Household_duties,105091,9852,95239,19643,1500,18143,15360,1286,14074,19837,1771,18066,21085,2123,18962,4543,753,3790,2597,324,2273,17663,1361,16302,4363,734,3629
C2324,27,0,MAHARASHTRA,Rural,Dependent,430590,222553,208037,85119,38192,46927,55625,26243,29382,25349,12119,13230,107938,63678,44260,36806,19457,17349,15853,8564,7289,50883,25267,25616,53017,29033,23984
C2324,27,0,MAHARASHTRA,Rural,Pensioner,14494,10689,3805,2370,1688,682,2317,1783,534,2077,1167,910,4616,3863,753,244,139,105,261,172,89,1618,1122,496,991,755,236
C2324,27,0,MAHARASHTRA,Rural,Rentier,1299,755,544,281,157,124,210,106,104,101,54,47,371,250,121,42,25,17,33,21,12,129,62,67,132,80,52
C2324,27,0,MAHARASHTRA,Rural,Beggar _Vagrants_etc.,2109,1277,832,498,293,205,148,87,61,84,52,32,457,310,147,165,90,75,348,223,125,141,71,70,268,151,117
C2324,27,0,MAHARASHTRA,Rural,Others,36352,22171,14181,5335,3005,2330,3731,2084,1647,3594,1764,1830,11968,8164,3804,2497,1542,955,1931,1312,619,4334,2430,1904,2962,1870,1092
C2324,27,0,MAHARASHTRA,Urban,Total,806941,355970,450971,155400,63530,91870,141652,58513,83139,124683,46461,78222,113560,59741,53819,57168,30872,26296,20974,11294,9680,146099,60448,85651,47405,25111,22294
C2324,27,0,MAHARASHTRA,Urban,Student,257816,143941,113875,56433,31128,25305,49777,26910,22867,44103,23705,20398,23003,14538,8465,16337,10123,6214,2221,1297,924,54060,29232,24828,11882,7008,4874
C2324,27,0,MAHARASHTRA,Urban,Household_duties,184732,13371,171361,38328,2002,36326,33375,2127,31248,41545,3499,38046,21740,1687,20053,6380,910,5470,2876,344,2532,35192,2144,33048,5296,658,4638
C2324,27,0,MAHARASHTRA,Urban,Dependent,276794,139942,136852,46169,20895,25274,43716,19466,24250,24014,10560,13454,48659,28176,20483,30822,17474,13348,13567,8049,5518,44102,21040,23062,25745,14282,11463
C2324,27,0,MAHARASHTRA,Urban,Pensioner,42878,32735,10143,7092,5562,1530,8070,6369,1701,8946,5777,3169,10047,8517,1530,608,432,176,551,386,165,5887,4339,1548,1677,1353,324
C2324,27,0,MAHARASHTRA,Urban,Rentier,2087,1279,808,377,232,145,382,201,181,248,125,123,569,411,158,76,50,26,53,33,20,258,145,113,124,82,42
C2324,27,0,MAHARASHTRA,Urban,Beggar _Vagrants_etc.,2347,1461,886,463,285,178,177,106,71,110,68,42,787,513,274,110,56,54,187,115,72,292,182,110,221,136,85
C2324,27,0,MAHARASHTRA,Urban,Others,40287,23241,17046,6538,3426,3112,6155,3334,2821,5717,2727,2990,8755,5899,2856,2835,1827,1008,1519,1070,449,6308,3366,2942,2460,1592,868
C2324,28,0,ANDHRA,Total,Total,1391420,642838,748582,238898,95646,143252,182100,73394,108706,114212,50236,63976,335174,175476,159698,105626,53389,52237,33858,16638,17220,227773,100124,127649,153779,77935,75844
C2324,28,0,ANDHRA,Total,Student,358439,201899,156540,57381,31586,25795,57488,30767,26721,43560,24656,18904,57171,35548,21623,24690,14117,10573,3565,2105,1460,87715,47540,40175,26869,15580,11289
C2324,28,0,ANDHRA,Total,Household_duties,164025,13902,150123,30110,2010,28100,27863,1792,26071,19966,1329,18637,35376,3730,31646,7100,1031,6069,3086,389,2697,31546,2130,29416,8978,1491,7487
C2324,28,0,ANDHRA,Total,Dependent,582717,282693,300024,92377,36939,55438,65802,26991,38811,35898,16973,18925,143755,79459,64296,59272,30806,28466,20895,10889,10006,79830,36400,43430,84888,44236,40652
C2324,28,0,ANDHRA,Total,Pensioner,211914,103085,108829,48971,20215,28756,23164,10026,13138,9281,4583,4698,74231,41336,32895,8893,4233,4660,3482,1544,1938,17701,8447,9254,26191,12701,13490
C2324,28,0,ANDHRA,Total,Rentier,3328,1894,1434,598,291,307,675,340,335,217,114,103,922,618,304,127,82,45,64,38,26,482,259,223,243,152,91
C2324,28,0,ANDHRA,Total,Beggar _Vagrants_etc.,5593,3343,2250,918,515,403,387,177,210,223,123,100,1848,1203,645,550,339,211,402,248,154,656,384,272,609,354,255
C2324,28,0,ANDHRA,Total,Others,65404,36022,29382,8543,4090,4453,6721,3301,3420,5067,2458,2609,21871,13582,8289,4994,2781,2213,2364,1425,939,9843,4964,4879,6001,3421,2580
C2324,28,0,ANDHRA,Rural,Total,904121,431832,472289,152190,61698,90492,97445,40680,56765,67729,31989,35740,255137,135745,119392,72787,36557,36230,23359,11167,12192,120528,55913,64615,114946,58083,56863
C2324,28,0,ANDHRA,Rural,Student,205997,119021,86976,26850,15296,11554,26841,14800,12041,26809,15597,11212,42626,26813,15813,16847,9605,7242,2278,1327,951,45719,25117,20602,18027,10466,7561
C2324,28,0,ANDHRA,Rural,Household_duties,80631,8083,72548,14499,1152,13347,11472,835,10637,8520,688,7832,22156,2640,19516,3768,585,3183,1914,229,1685,12863,966,11897,5439,988,4451
C2324,28,0,ANDHRA,Rural,Dependent,392296,194289,198007,62043,25162,36881,36524,15499,21025,22525,11102,11423,109479,60687,48792,40850,20823,20027,14297,7202,7095,42768,20700,22068,63810,33114,30696
C2324,28,0,ANDHRA,Rural,Pensioner,181528,86248,95280,43088,17361,25727,19109,7931,11178,7041,3236,3805,64343,35282,29061,7802,3627,4175,3022,1332,1690,13867,6407,7460,23256,11072,12184
C2324,28,0,ANDHRA,Rural,Rentier,1104,617,487,226,102,124,164,73,91,42,23,19,379,246,133,43,27,16,20,8,12,109,66,43,121,72,49
C2324,28,0,ANDHRA,Rural,Beggar _Vagrants_etc.,2961,1740,1221,557,315,242,168,75,93,112,58,54,849,538,311,346,201,145,275,165,110,273,163,110,381,225,156
C2324,28,0,ANDHRA,Rural,Others,39604,21834,17770,4927,2310,2617,3167,1467,1700,2680,1285,1395,15305,9539,5766,3131,1689,1442,1553,904,649,4929,2494,2435,3912,2146,1766
C2324,28,0,ANDHRA,Urban,Total,487299,211006,276293,86708,33948,52760,84655,32714,51941,46483,18247,28236,80037,39731,40306,32839,16832,16007,10499,5471,5028,107245,44211,63034,38833,19852,18981
C2324,28,0,ANDHRA,Urban,Student,152442,82878,69564,30531,16290,14241,30647,15967,14680,16751,9059,7692,14545,8735,5810,7843,4512,3331,1287,778,509,41996,22423,19573,8842,5114,3728
C2324,28,0,ANDHRA,Urban,Household_duties,83394,5819,77575,15611,858,14753,16391,957,15434,11446,641,10805,13220,1090,12130,3332,446,2886,1172,160,1012,18683,1164,17519,3539,503,3036
C2324,28,0,ANDHRA,Urban,Dependent,190421,88404,102017,30334,11777,18557,29278,11492,17786,13373,5871,7502,34276,18772,15504,18422,9983,8439,6598,3687,2911,37062,15700,21362,21078,11122,9956
C2324,28,0,ANDHRA,Urban,Pensioner,30386,16837,13549,5883,2854,3029,4055,2095,1960,2240,1347,893,9888,6054,3834,1091,606,485,460,212,248,3834,2040,1794,2935,1629,1306
C2324,28,0,ANDHRA,Urban,Rentier,2224,1277,947,372,189,183,511,267,244,175,91,84,543,372,171,84,55,29,44,30,14,373,193,180,122,80,42
C2324,28,0,ANDHRA,Urban,Beggar _Vagrants_etc.,2632,1603,1029,361,200,161,219,102,117,111,65,46,999,665,334,204,138,66,127,83,44,383,221,162,228,129,99
C2324,28,0,ANDHRA,Urban,Others,25800,14188,11612,3616,1780,1836,3554,1834,1720,2387,1173,1214,6566,4043,2523,1863,1092,771,811,521,290,4914,2470,2444,2089,1275,814
C2324,29,0,KARNATAKA,Total,Total,820303,376657,443646,160419,63670,96749,129400,51758,77642,55005,25548,29457,167041,90701,76340,74510,36826,37684,16611,8059,8552,135754,57299,78455,81563,42796,38767
C2324,29,0,KARNATAKA,Total,Student,239008,134030,104978,45685,24895,20790,45318,24235,21083,21326,12376,8950,37116,23101,14015,18974,10803,8171,1557,895,662,51637,27623,24014,17395,10102,7293
C2324,29,0,KARNATAKA,Total,Household_duties,110405,7666,102739,24910,1203,23707,21925,1206,20719,8582,592,7990,19209,1838,17371,6812,813,5999,1808,196,1612,22291,1124,21167,4868,694,4174
C2324,29,0,KARNATAKA,Total,Dependent,387009,188931,198078,72774,29498,43276,51040,20801,30239,21230,10587,10643,84628,49194,35434,43664,22517,21147,11292,5841,5451,50817,22833,27984,51564,27660,23904
C2324,29,0,KARNATAKA,Total,Pensioner,47508,25829,21679,11238,5298,5940,5894,3048,2846,1907,945,962,15599,9807,5792,2257,1067,1190,599,280,319,5028,2733,2295,4986,2651,2335
C2324,29,0,KARNATAKA,Total,Rentier,2225,1357,868,537,295,242,430,245,185,87,48,39,561,416,145,88,48,40,40,21,19,314,175,139,168,109,59
C2324,29,0,KARNATAKA,Total,Beggar _Vagrants_etc.,1891,1178,713,286,179,107,115,60,55,61,39,22,383,269,114,230,138,92,243,140,103,251,144,107,322,209,113
C2324,29,0,KARNATAKA,Total,Others,32257,17666,14591,4989,2302,2687,4678,2163,2515,1812,961,851,9545,6076,3469,2485,1440,1045,1072,686,386,5416,2667,2749,2260,1371,889
C2324,29,0,KARNATAKA,Rural,Total,488734,235930,252804,85932,35690,50242,62912,26580,36332,35334,17109,18225,119829,66614,53215,47062,23520,23542,10197,4874,5323,71161,31945,39216,56307,29598,26709
C2324,29,0,KARNATAKA,Rural,Student,135714,78564,57150,20495,11677,8818,21349,11772,9577,14303,8562,5741,27147,17059,10088,12208,7047,5161,900,528,372,27623,15028,12595,11689,6891,4798
C2324,29,0,KARNATAKA,Rural,Household_duties,52193,4372,47821,9393,617,8776,8984,540,8444,4807,387,4420,11874,1266,10608,3497,478,3019,1054,115,939,9780,564,9216,2804,405,2399
C2324,29,0,KARNATAKA,Rural,Dependent,248849,125062,123787,45745,18841,26904,27185,11734,15451,13799,6989,6810,62250,36635,25615,28115,14310,13805,7022,3539,3483,28274,13568,14706,36459,19446,17013
C2324,29,0,KARNATAKA,Rural,Pensioner,33055,16935,16120,7798,3314,4484,3448,1575,1873,1335,594,741,11667,7157,4510,1695,768,927,412,186,226,2932,1420,1512,3768,1921,1847
C2324,29,0,KARNATAKA,Rural,Rentier,461,259,202,104,45,59,61,29,32,12,4,8,154,101,53,28,18,10,12,7,5,41,25,16,49,30,19
C2324,29,0,KARNATAKA,Rural,Beggar _Vagrants_etc.,931,581,350,190,122,68,50,26,24,23,20,3,216,152,64,134,84,50,109,65,44,70,36,34,139,76,63
C2324,29,0,KARNATAKA,Rural,Others,17531,10157,7374,2207,1074,1133,1835,904,931,1055,553,502,6521,4244,2277,1385,815,570,688,434,254,2441,1304,1137,1399,829,570
C2324,29,0,KARNATAKA,Urban,Total,331569,140727,190842,74487,27980,46507,66488,25178,41310,19671,8439,11232,47212,24087,23125,27448,13306,14142,6414,3185,3229,64593,25354,39239,25256,13198,12058
C2324,29,0,KARNATAKA,Urban,Student,103294,55466,47828,25190,13218,11972,23969,12463,11506,7023,3814,3209,9969,6042,3927,6766,3756,3010,657,367,290,24014,12595,11419,5706,3211,2495
C2324,29,0,KARNATAKA,Urban,Household_duties,58212,3294,54918,15517,586,14931,12941,666,12275,3775,205,3570,7335,572,6763,3315,335,2980,754,81,673,12511,560,11951,2064,289,1775
C2324,29,0,KARNATAKA,Urban,Dependent,138160,63869,74291,27029,10657,16372,23855,9067,14788,7431,3598,3833,22378,12559,9819,15549,8207,7342,4270,2302,1968,22543,9265,13278,15105,8214,6891
C2324,29,0,KARNATAKA,Urban,Pensioner,14453,8894,5559,3440,1984,1456,2446,1473,973,572,351,221,3932,2650,1282,562,299,263,187,94,93,2096,1313,783,1218,730,488
C2324,29,0,KARNATAKA,Urban,Rentier,1764,1098,666,433,250,183,369,216,153,75,44,31,407,315,92,60,30,30,28,14,14,273,150,123,119,79,40
C2324,29,0,KARNATAKA,Urban,Beggar _Vagrants_etc.,960,597,363,96,57,39,65,34,31,38,19,19,167,117,50,96,54,42,134,75,59,181,108,73,183,133,50
C2324,29,0,KARNATAKA,Urban,Others,14726,7509,7217,2782,1228,1554,2843,1259,1584,757,408,349,3024,1832,1192,1100,625,475,384,252,132,2975,1363,1612,861,542,319
C2324,30,0,GOA,Total,Total,23507,10257,13250,3339,1204,2135,3635,1367,2268,3026,1191,1835,4339,2240,2099,1594,817,777,1492,752,740,3852,1608,2244,2230,1078,1152
C2324,30,0,GOA,Total,Student,4541,2461,2080,564,292,272,767,373,394,887,469,418,367,225,142,489,285,204,153,97,56,976,513,463,338,207,131
C2324,30,0,GOA,Total,Household_duties,4655,491,4164,937,77,860,829,77,752,842,96,746,626,92,534,143,17,126,172,25,147,892,77,815,214,30,184
C2324,30,0,GOA,Total,Dependent,10149,4956,5193,1166,498,668,1359,536,823,795,377,418,2355,1251,1104,828,437,391,949,501,448,1357,690,667,1340,666,674
C2324,30,0,GOA,Total,Pensioner,2033,1176,857,389,193,196,365,206,159,176,100,76,583,397,186,38,14,24,73,38,35,208,133,75,201,95,106
C2324,30,0,GOA,Total,Rentier,156,114,42,33,27,6,32,23,9,19,13,6,41,28,13,4,4,0,3,2,1,20,13,7,4,4,0
C2324,30,0,GOA,Total,Beggar _Vagrants_etc.,39,24,15,2,1,1,4,2,2,1,0,1,12,10,2,1,1,0,9,4,5,4,2,2,6,4,2
C2324,30,0,GOA,Total,Others,1934,1035,899,248,116,132,279,150,129,306,136,170,355,237,118,91,59,32,133,85,48,395,180,215,127,72,55
C2324,30,0,GOA,Rural,Total,10556,4607,5949,1649,591,1058,1586,584,1002,1240,483,757,1915,1026,889,692,353,339,674,339,335,1754,753,1001,1046,478,568
C2324,30,0,GOA,Rural,Student,1878,1017,861,227,110,117,305,154,151,349,181,168,162,105,57,243,138,105,58,37,21,417,225,192,117,67,50
C2324,30,0,GOA,Rural,Household_duties,2020,236,1784,442,43,399,358,34,324,339,41,298,246,37,209,47,8,39,83,14,69,403,46,357,102,13,89
C2324,30,0,GOA,Rural,Dependent,4527,2202,2325,578,245,333,590,231,359,338,156,182,1034,564,470,336,171,165,428,227,201,595,302,293,628,306,322
C2324,30,0,GOA,Rural,Pensioner,1064,573,491,237,116,121,200,96,104,71,39,32,274,187,87,27,12,15,40,19,21,95,57,38,120,47,73
C2324,30,0,GOA,Rural,Rentier,53,43,10,17,14,3,9,9,0,3,2,1,9,6,3,1,1,0,0,0,0,12,9,3,2,2,0
C2324,30,0,GOA,Rural,Beggar _Vagrants_etc.,14,6,8,0,0,0,1,0,1,0,0,0,2,1,1,1,1,0,7,3,4,1,0,1,2,1,1
C2324,30,0,GOA,Rural,Others,1000,530,470,148,63,85,123,60,63,140,64,76,188,126,62,37,22,15,58,39,19,231,114,117,75,42,33
C2324,30,0,GOA,Urban,Total,12951,5650,7301,1690,613,1077,2049,783,1266,1786,708,1078,2424,1214,1210,902,464,438,818,413,405,2098,855,1243,1184,600,584
C2324,30,0,GOA,Urban,Student,2663,1444,1219,337,182,155,462,219,243,538,288,250,205,120,85,246,147,99,95,60,35,559,288,271,221,140,81
C2324,30,0,GOA,Urban,Household_duties,2635,255,2380,495,34,461,471,43,428,503,55,448,380,55,325,96,9,87,89,11,78,489,31,458,112,17,95
C2324,30,0,GOA,Urban,Dependent,5622,2754,2868,588,253,335,769,305,464,457,221,236,1321,687,634,492,266,226,521,274,247,762,388,374,712,360,352
C2324,30,0,GOA,Urban,Pensioner,969,603,366,152,77,75,165,110,55,105,61,44,309,210,99,11,2,9,33,19,14,113,76,37,81,48,33
C2324,30,0,GOA,Urban,Rentier,103,71,32,16,13,3,23,14,9,16,11,5,32,22,10,3,3,0,3,2,1,8,4,4,2,2,0
C2324,30,0,GOA,Urban,Beggar _Vagrants_etc.,25,18,7,2,1,1,3,2,1,1,0,1,10,9,1,0,0,0,2,1,1,3,2,1,4,3,1
C2324,30,0,GOA,Urban,Others,934,505,429,100,53,47,156,90,66,166,72,94,167,111,56,54,37,17,75,46,29,164,66,98,52,30,22
C2324,31,0,LAKSHADWEEP,Total,Total,1294,579,715,261,90,171,184,74,110,56,32,24,265,133,132,100,65,35,86,26,60,142,67,75,200,92,108
C2324,31,0,LAKSHADWEEP,Total,Student,269,139,130,63,30,33,48,23,25,11,8,3,30,14,16,35,21,14,0,0,0,46,26,20,36,17,19
C2324,31,0,LAKSHADWEEP,Total,Household_duties,258,32,226,76,6,70,44,5,39,7,2,5,47,11,36,10,1,9,24,2,22,21,2,19,29,3,26
C2324,31,0,LAKSHADWEEP,Total,Dependent,437,206,231,55,17,38,49,23,26,13,6,7,109,53,56,35,26,9,36,11,25,36,20,16,104,50,54
C2324,31,0,LAKSHADWEEP,Total,Pensioner,64,58,6,18,17,1,6,5,1,3,3,0,20,18,2,2,1,1,2,2,0,3,3,0,10,9,1
C2324,31,0,LAKSHADWEEP,Total,Rentier,0,0,0,0,0,0,0,0,0,0,0,0,0,0,0,0,0,0,0,0,0,0,0,0,0,0,0
C2324,31,0,LAKSHADWEEP,Total,Beggar _Vagrants_etc.,0,0,0,0,0,0,0,0,0,0,0,0,0,0,0,0,0,0,0,0,0,0,0,0,0,0,0
C2324,31,0,LAKSHADWEEP,Total,Others,266,144,122,49,20,29,37,18,19,22,13,9,59,37,22,18,16,2,24,11,13,36,16,20,21,13,8
C2324,31,0,LAKSHADWEEP,Rural,Total,300,113,187,69,19,50,38,16,22,6,3,3,59,29,30,19,10,9,34,8,26,24,6,18,51,22,29
C2324,31,0,LAKSHADWEEP,Rural,Student,58,24,34,14,3,11,12,6,6,1,0,1,9,4,5,8,4,4,0,0,0,4,3,1,10,4,6
C2324,31,0,LAKSHADWEEP,Rural,Household_duties,61,6,55,22,1,21,7,1,6,0,0,0,9,3,6,2,0,2,7,0,7,6,0,6,8,1,7
C2324,31,0,LAKSHADWEEP,Rural,Dependent,101,45,56,15,7,8,12,6,6,2,2,0,23,12,11,6,4,2,16,3,13,2,0,2,25,11,14
C2324,31,0,LAKSHADWEEP,Rural,Pensioner,16,15,1,5,5,0,0,0,0,0,0,0,7,6,1,0,0,0,1,1,0,0,0,0,3,3,0
C2324,31,0,LAKSHADWEEP,Rural,Rentier,0,0,0,0,0,0,0,0,0,0,0,0,0,0,0,0,0,0,0,0,0,0,0,0,0,0,0
C2324,31,0,LAKSHADWEEP,Rural,Beggar _Vagrants_etc.,0,0,0,0,0,0,0,0,0,0,0,0,0,0,0,0,0,0,0,0,0,0,0,0,0,0,0
C2324,31,0,LAKSHADWEEP,Rural,Others,64,23,41,13,3,10,7,3,4,3,1,2,11,4,7,3,2,1,10,4,6,12,3,9,5,3,2
C2324,31,0,LAKSHADWEEP,Urban,Total,994,466,528,192,71,121,146,58,88,50,29,21,206,104,102,81,55,26,52,18,34,118,61,57,149,70,79
C2324,31,0,LAKSHADWEEP,Urban,Student,211,115,96,49,27,22,36,17,19,10,8,2,21,10,11,27,17,10,0,0,0,42,23,19,26,13,13
C2324,31,0,LAKSHADWEEP,Urban,Household_duties,197,26,171,54,5,49,37,4,33,7,2,5,38,8,30,8,1,7,17,2,15,15,2,13,21,2,19
C2324,31,0,LAKSHADWEEP,Urban,Dependent,336,161,175,40,10,30,37,17,20,11,4,7,86,41,45,29,22,7,20,8,12,34,20,14,79,39,40
C2324,31,0,LAKSHADWEEP,Urban,Pensioner,48,43,5,13,12,1,6,5,1,3,3,0,13,12,1,2,1,1,1,1,0,3,3,0,7,6,1
C2324,31,0,LAKSHADWEEP,Urban,Rentier,0,0,0,0,0,0,0,0,0,0,0,0,0,0,0,0,0,0,0,0,0,0,0,0,0,0,0
C2324,31,0,LAKSHADWEEP,Urban,Beggar _Vagrants_etc.,0,0,0,0,0,0,0,0,0,0,0,0,0,0,0,0,0,0,0,0,0,0,0,0,0,0,0
C2324,31,0,LAKSHADWEEP,Urban,Others,202,121,81,36,17,19,30,15,15,19,12,7,48,33,15,15,14,1,14,7,7,24,13,11,16,10,6
C2324,32,0,KERALA,Total,Total,582149,258700,323449,84046,30416,53630,74794,26554,48240,28553,12548,16005,122767,61488,61279,61161,32014,29147,57486,26406,31080,67029,28225,38804,86313,41049,45264
C2324,32,0,KERALA,Total,Student,88495,50659,37836,12027,6684,5343,14788,7949,6839,8920,5234,3686,10913,6614,4299,13892,8414,5478,1191,726,465,15553,8506,7047,11211,6532,4679
C2324,32,0,KERALA,Total,Household_duties,90609,8177,82432,18482,1328,17154,15785,981,14804,5603,433,5170,16386,1861,14525,4523,789,3734,9015,814,8201,12639,956,11683,8176,1015,7161
C2324,32,0,KERALA,Total,Dependent,325736,157625,168111,42149,16494,25655,34251,13077,21174,10230,5145,5085,74556,40362,34194,38548,20280,18268,38549,19663,18886,28672,13767,14905,58781,28837,29944
C2324,32,0,KERALA,Total,Pensioner,22776,14396,8380,4633,2806,1827,3681,2247,1434,754,518,236,7671,5173,2498,444,226,218,785,376,409,2304,1511,793,2504,1539,965
C2324,32,0,KERALA,Total,Rentier,1432,973,459,292,191,101,213,130,83,63,41,22,394,289,105,45,31,14,105,73,32,156,105,51,164,113,51
C2324,32,0,KERALA,Total,Beggar _Vagrants_etc.,945,665,280,102,70,32,65,34,31,30,21,9,301,241,60,45,28,17,236,159,77,66,47,19,100,65,35
C2324,32,0,KERALA,Total,Others,52156,26205,25951,6361,2843,3518,6011,2136,3875,2953,1156,1797,12546,6948,5598,3664,2246,1418,7605,4595,3010,7639,3333,4306,5377,2948,2429
C2324,32,0,KERALA,Rural,Total,314092,140521,173571,45365,16391,28974,39031,13804,25227,15277,6818,8459,66796,34175,32621,32465,16810,15655,31896,14680,17216,36027,15324,20703,47235,22519,24716
C2324,32,0,KERALA,Rural,Student,46350,26526,19824,6275,3473,2802,7354,3930,3424,4904,2922,1982,5907,3652,2255,7186,4316,2870,644,401,243,8184,4443,3741,5896,3389,2507
C2324,32,0,KERALA,Rural,Household_duties,48821,4883,43938,9988,809,9179,8248,557,7691,2917,255,2662,8859,1136,7723,2476,454,2022,5039,479,4560,6844,594,6250,4450,599,3851
C2324,32,0,KERALA,Rural,Dependent,180117,88434,91683,23408,9331,14077,18569,7244,11325,5527,2802,2725,41569,23097,18472,20718,10823,9895,21574,11068,10506,15816,7765,8051,32936,16304,16632
C2324,32,0,KERALA,Rural,Pensioner,10203,6287,3916,2055,1184,871,1561,913,648,316,208,108,3456,2330,1126,211,95,116,365,178,187,1038,664,374,1201,715,486
C2324,32,0,KERALA,Rural,Rentier,568,379,189,129,81,48,100,66,34,18,12,6,149,106,43,16,9,7,30,18,12,62,42,20,64,45,19
C2324,32,0,KERALA,Rural,Beggar _Vagrants_etc.,448,311,137,60,39,21,28,18,10,10,9,1,114,86,28,26,14,12,124,86,38,28,22,6,58,37,21
C2324,32,0,KERALA,Rural,Others,27585,13701,13884,3450,1474,1976,3171,1076,2095,1585,610,975,6742,3768,2974,1832,1099,733,4120,2450,1670,4055,1794,2261,2630,1430,1200
C2324,32,0,KERALA,Urban,Total,268057,118179,149878,38681,14025,24656,35763,12750,23013,13276,5730,7546,55971,27313,28658,28696,15204,13492,25590,11726,13864,31002,12901,18101,39078,18530,20548
C2324,32,0,KERALA,Urban,Student,42145,24133,18012,5752,3211,2541,7434,4019,3415,4016,2312,1704,5006,2962,2044,6706,4098,2608,547,325,222,7369,4063,3306,5315,3143,2172
C2324,32,0,KERALA,Urban,Household_duties,41788,3294,38494,8494,519,7975,7537,424,7113,2686,178,2508,7527,725,6802,2047,335,1712,3976,335,3641,5795,362,5433,3726,416,3310
C2324,32,0,KERALA,Urban,Dependent,145619,69191,76428,18741,7163,11578,15682,5833,9849,4703,2343,2360,32987,17265,15722,17830,9457,8373,16975,8595,8380,12856,6002,6854,25845,12533,13312
C2324,32,0,KERALA,Urban,Pensioner,12573,8109,4464,2578,1622,956,2120,1334,786,438,310,128,4215,2843,1372,233,131,102,420,198,222,1266,847,419,1303,824,479
C2324,32,0,KERALA,Urban,Rentier,864,594,270,163,110,53,113,64,49,45,29,16,245,183,62,29,22,7,75,55,20,94,63,31,100,68,32
C2324,32,0,KERALA,Urban,Beggar _Vagrants_etc.,497,354,143,42,31,11,37,16,21,20,12,8,187,155,32,19,14,5,112,73,39,38,25,13,42,28,14
C2324,32,0,KERALA,Urban,Others,24571,12504,12067,2911,1369,1542,2840,1060,1780,1368,546,822,5804,3180,2624,1832,1147,685,3485,2145,1340,3584,1539,2045,2747,1518,1229
C2324,33,0,TN,Total,Total,737931,348423,389508,78245,34231,44014,120383,45724,74659,47850,22457,25393,167374,85220,82154,88658,47663,40995,28484,14770,13714,134275,59542,74733,72662,38816,33846
C2324,33,0,TN,Total,Student,178961,101268,77693,18572,10311,8261,37462,19427,18035,15369,9125,6244,27284,16863,10421,19219,11651,7568,962,600,362,45407,24521,20886,14686,8770,5916
C2324,33,0,TN,Total,Household_duties,86063,6502,79561,9854,649,9205,19682,907,18775,6475,482,5993,21470,1532,19938,4299,855,3444,2245,250,1995,17230,1177,16053,4808,650,4158
C2324,33,0,TN,Total,Dependent,392312,195836,196476,40318,18396,21922,51665,19666,31999,22226,10832,11394,91088,50399,40689,59747,32062,27685,22215,12136,10079,58149,26572,31577,46904,25773,21131
C2324,33,0,TN,Total,Pensioner,30959,17458,13501,4887,2462,2425,5979,3226,2753,1205,603,602,10255,6401,3854,1106,520,586,587,248,339,4687,2767,1920,2253,1231,1022
C2324,33,0,TN,Total,Rentier,2772,1683,1089,342,205,137,639,309,330,137,86,51,828,600,228,127,72,55,82,47,35,427,235,192,190,129,61
C2324,33,0,TN,Total,Beggar _Vagrants_etc.,1239,821,418,129,87,42,74,45,29,55,35,20,375,273,102,120,65,55,218,142,76,190,114,76,78,60,18
C2324,33,0,TN,Total,Others,45625,24855,20770,4143,2121,2022,4882,2144,2738,2383,1294,1089,16074,9152,6922,4040,2438,1602,2175,1347,828,8185,4156,4029,3743,2203,1540
C2324,33,0,TN,Rural,Total,377915,185893,192022,42744,19435,23309,52949,21567,31382,26727,12929,13798,93242,49349,43893,45117,23870,21247,14469,7229,7240,61381,29119,32262,41286,22395,18891
C2324,33,0,TN,Rural,Student,92147,52860,39287,9564,5437,4127,17093,9176,7917,8971,5333,3638,15692,9820,5872,10021,5890,4131,498,299,199,22312,12179,10133,7996,4726,3270
C2324,33,0,TN,Rural,Household_duties,34693,3308,31385,4010,345,3665,7261,450,6811,2954,258,2696,9148,821,8327,1928,363,1565,1155,132,1023,6131,564,5567,2106,375,1731
C2324,33,0,TN,Rural,Dependent,210344,107698,102646,23820,11015,12805,23745,9721,14024,12816,6318,6498,53690,30143,23547,30566,16168,14398,11234,5903,5331,26766,13056,13710,27707,15374,12333
C2324,33,0,TN,Rural,Pensioner,16835,8481,8354,3004,1395,1609,2634,1214,1420,712,307,405,5764,3248,2516,693,305,388,376,142,234,2216,1149,1067,1436,721,715
C2324,33,0,TN,Rural,Rentier,554,318,236,81,50,31,100,42,58,27,13,14,169,114,55,28,15,13,23,10,13,78,45,33,48,29,19
C2324,33,0,TN,Rural,Beggar _Vagrants_etc.,409,269,140,47,35,12,24,12,12,15,11,4,111,77,34,55,26,29,75,53,22,55,34,21,27,21,6
C2324,33,0,TN,Rural,Others,22933,12959,9974,2218,1158,1060,2092,952,1140,1232,689,543,8668,5126,3542,1826,1103,723,1108,690,418,3823,2092,1731,1966,1149,817
C2324,33,0,TN,Urban,Total,360016,162530,197486,35501,14796,20705,67434,24157,43277,21123,9528,11595,74132,35871,38261,43541,23793,19748,14015,7541,6474,72894,30423,42471,31376,16421,14955
C2324,33,0,TN,Urban,Student,86814,48408,38406,9008,4874,4134,20369,10251,10118,6398,3792,2606,11592,7043,4549,9198,5761,3437,464,301,163,23095,12342,10753,6690,4044,2646
C2324,33,0,TN,Urban,Household_duties,51370,3194,48176,5844,304,5540,12421,457,11964,3521,224,3297,12322,711,11611,2371,492,1879,1090,118,972,11099,613,10486,2702,275,2427
C2324,33,0,TN,Urban,Dependent,181968,88138,93830,16498,7381,9117,27920,9945,17975,9410,4514,4896,37398,20256,17142,29181,15894,13287,10981,6233,4748,31383,13516,17867,19197,10399,8798
C2324,33,0,TN,Urban,Pensioner,14124,8977,5147,1883,1067,816,3345,2012,1333,493,296,197,4491,3153,1338,413,215,198,211,106,105,2471,1618,853,817,510,307
C2324,33,0,TN,Urban,Rentier,2218,1365,853,261,155,106,539,267,272,110,73,37,659,486,173,99,57,42,59,37,22,349,190,159,142,100,42
C2324,33,0,TN,Urban,Beggar _Vagrants_etc.,830,552,278,82,52,30,50,33,17,40,24,16,264,196,68,65,39,26,143,89,54,135,80,55,51,39,12
C2324,33,0,TN,Urban,Others,22692,11896,10796,1925,963,962,2790,1192,1598,1151,605,546,7406,4026,3380,2214,1335,879,1067,657,410,4362,2064,2298,1777,1054,723
C2324,34,0,PUDUCHERRY,Total,Total,20831,9122,11709,2484,989,1495,3964,1326,2638,1221,484,737,5770,2786,2984,2177,1167,1010,746,369,377,2591,1060,1531,1878,941,937
C2324,34,0,PUDUCHERRY,Total,Student,3791,2180,1611,432,241,191,742,403,339,344,188,156,679,424,255,443,278,165,26,16,10,816,432,384,309,198,111
C2324,34,0,PUDUCHERRY,Total,Household_duties,3334,167,3167,413,24,389,866,26,840,237,4,233,947,59,888,112,18,94,97,3,94,482,17,465,180,16,164
C2324,34,0,PUDUCHERRY,Total,Dependent,7209,3497,3712,680,294,386,1037,363,674,384,170,214,1778,951,827,1307,698,609,456,252,204,733,330,403,834,439,395
C2324,34,0,PUDUCHERRY,Total,Pensioner,4954,2459,2495,791,342,449,1090,437,653,163,79,84,1803,1030,773,207,106,101,85,46,39,390,203,187,425,216,209
C2324,34,0,PUDUCHERRY,Total,Rentier,83,54,29,10,6,4,21,10,11,3,3,0,34,25,9,2,2,0,4,3,1,4,3,1,5,2,3
C2324,34,0,PUDUCHERRY,Total,Beggar _Vagrants_etc.,23,11,12,2,2,0,2,0,2,1,1,0,7,4,3,5,2,3,3,1,2,1,0,1,2,1,1
C2324,34,0,PUDUCHERRY,Total,Others,1437,754,683,156,80,76,206,87,119,89,39,50,522,293,229,101,63,38,75,48,27,165,75,90,123,69,54
C2324,34,0,PUDUCHERRY,Rural,Total,7036,3191,3845,915,352,563,1332,455,877,410,185,225,2021,1029,992,597,322,275,218,112,106,944,415,529,599,321,278
C2324,34,0,PUDUCHERRY,Rural,Student,1329,768,561,172,98,74,248,131,117,109,64,45,247,156,91,134,82,52,8,3,5,317,174,143,94,60,34
C2324,34,0,PUDUCHERRY,Rural,Household_duties,1046,56,990,150,9,141,250,9,241,66,3,63,298,18,280,39,8,31,29,0,29,157,6,151,57,3,54
C2324,34,0,PUDUCHERRY,Rural,Dependent,2200,1137,1063,212,92,120,335,122,213,131,62,69,565,334,231,327,183,144,133,80,53,254,125,129,243,139,104
C2324,34,0,PUDUCHERRY,Rural,Pensioner,2003,978,1025,335,129,206,427,163,264,74,37,37,731,419,312,71,32,39,29,18,11,165,84,81,171,96,75
C2324,34,0,PUDUCHERRY,Rural,Rentier,10,9,1,3,3,0,2,1,1,0,0,0,4,4,0,0,0,0,0,0,0,1,1,0,0,0,0
C2324,34,0,PUDUCHERRY,Rural,Beggar _Vagrants_etc.,4,3,1,0,0,0,0,0,0,0,0,0,2,2,0,0,0,0,1,0,1,0,0,0,1,1,0
C2324,34,0,PUDUCHERRY,Rural,Others,444,240,204,43,21,22,70,29,41,30,19,11,174,96,78,26,17,9,18,11,7,50,25,25,33,22,11
C2324,34,0,PUDUCHERRY,Urban,Total,13795,5931,7864,1569,637,932,2632,871,1761,811,299,512,3749,1757,1992,1580,845,735,528,257,271,1647,645,1002,1279,620,659
C2324,34,0,PUDUCHERRY,Urban,Student,2462,1412,1050,260,143,117,494,272,222,235,124,111,432,268,164,309,196,113,18,13,5,499,258,241,215,138,77
C2324,34,0,PUDUCHERRY,Urban,Household_duties,2288,111,2177,263,15,248,616,17,599,171,1,170,649,41,608,73,10,63,68,3,65,325,11,314,123,13,110
C2324,34,0,PUDUCHERRY,Urban,Dependent,5009,2360,2649,468,202,266,702,241,461,253,108,145,1213,617,596,980,515,465,323,172,151,479,205,274,591,300,291
C2324,34,0,PUDUCHERRY,Urban,Pensioner,2951,1481,1470,456,213,243,663,274,389,89,42,47,1072,611,461,136,74,62,56,28,28,225,119,106,254,120,134
C2324,34,0,PUDUCHERRY,Urban,Rentier,73,45,28,7,3,4,19,9,10,3,3,0,30,21,9,2,2,0,4,3,1,3,2,1,5,2,3
C2324,34,0,PUDUCHERRY,Urban,Beggar _Vagrants_etc.,19,8,11,2,2,0,2,0,2,1,1,0,5,2,3,5,2,3,2,1,1,1,0,1,1,0,1
C2324,34,0,PUDUCHERRY,Urban,Others,993,514,479,113,59,54,136,58,78,59,20,39,348,197,151,75,46,29,57,37,20,115,50,65,90,47,43
C2324,35,0,ANDAMAN,Total,Total,4563,2160,2403,725,314,411,716,270,446,360,174,186,1003,543,460,255,133,122,325,138,187,550,253,297,629,335,294
C2324,35,0,ANDAMAN,Total,Student,996,527,469,105,52,53,176,84,92,152,83,69,162,104,58,53,30,23,35,20,15,210,102,108,103,52,51
C2324,35,0,ANDAMAN,Total,Household_duties,803,87,716,194,16,178,162,12,150,52,6,46,169,18,151,26,7,19,58,7,51,80,6,74,62,15,47
C2324,35,0,ANDAMAN,Total,Dependent,1693,893,800,212,113,99,194,78,116,97,55,42,389,227,162,150,84,66,169,74,95,165,93,72,317,169,148
C2324,35,0,ANDAMAN,Total,Pensioner,554,387,167,139,94,45,112,75,37,14,10,4,146,111,35,9,5,4,12,7,5,27,18,9,95,67,28
C2324,35,0,ANDAMAN,Total,Rentier,21,14,7,4,2,2,3,3,0,0,0,0,9,5,4,0,0,0,1,1,0,0,0,0,4,3,1
C2324,35,0,ANDAMAN,Total,Beggar _Vagrants_etc.,7,6,1,0,0,0,0,0,0,0,0,0,2,2,0,1,1,0,2,2,0,0,0,0,2,1,1
C2324,35,0,ANDAMAN,Total,Others,489,246,243,71,37,34,69,18,51,45,20,25,126,76,50,16,6,10,48,27,21,68,34,34,46,28,18
C2324,35,0,ANDAMAN,Rural,Total,3369,1609,1760,616,271,345,488,192,296,253,124,129,774,417,357,163,90,73,232,89,143,359,170,189,484,256,228
C2324,35,0,ANDAMAN,Rural,Student,660,359,301,77,40,37,94,46,48,112,63,49,116,73,43,32,21,11,26,15,11,131,68,63,72,33,39
C2324,35,0,ANDAMAN,Rural,Household_duties,635,77,558,170,15,155,113,10,103,39,5,34,141,17,124,19,7,12,48,6,42,51,4,47,54,13,41
C2324,35,0,ANDAMAN,Rural,Dependent,1288,683,605,186,104,82,146,63,83,68,37,31,317,189,128,95,53,42,124,48,76,127,71,56,225,118,107
C2324,35,0,ANDAMAN,Rural,Pensioner,453,318,135,123,82,41,87,59,28,9,7,2,116,87,29,5,4,1,8,4,4,16,11,5,89,64,25
C2324,35,0,ANDAMAN,Rural,Rentier,14,11,3,4,2,2,2,2,0,0,0,0,4,3,1,0,0,0,1,1,0,0,0,0,3,3,0
C2324,35,0,ANDAMAN,Rural,Beggar _Vagrants_etc.,2,1,1,0,0,0,0,0,0,0,0,0,0,0,0,0,0,0,1,1,0,0,0,0,1,0,1
C2324,35,0,ANDAMAN,Rural,Others,317,160,157,56,28,28,46,12,34,25,12,13,80,48,32,12,5,7,24,14,10,34,16,18,40,25,15
C2324,35,0,ANDAMAN,Urban,Total,1194,551,643,109,43,66,228,78,150,107,50,57,229,126,103,92,43,49,93,49,44,191,83,108,145,79,66
C2324,35,0,ANDAMAN,Urban,Student,336,168,168,28,12,16,82,38,44,40,20,20,46,31,15,21,9,12,9,5,4,79,34,45,31,19,12
C2324,35,0,ANDAMAN,Urban,Household_duties,168,10,158,24,1,23,49,2,47,13,1,12,28,1,27,7,0,7,10,1,9,29,2,27,8,2,6
C2324,35,0,ANDAMAN,Urban,Dependent,405,210,195,26,9,17,48,15,33,29,18,11,72,38,34,55,31,24,45,26,19,38,22,16,92,51,41
C2324,35,0,ANDAMAN,Urban,Pensioner,101,69,32,16,12,4,25,16,9,5,3,2,30,24,6,4,1,3,4,3,1,11,7,4,6,3,3
C2324,35,0,ANDAMAN,Urban,Rentier,7,3,4,0,0,0,1,1,0,0,0,0,5,2,3,0,0,0,0,0,0,0,0,0,1,0,1
C2324,35,0,ANDAMAN,Urban,Beggar _Vagrants_etc.,5,5,0,0,0,0,0,0,0,0,0,0,2,2,0,1,1,0,1,1,0,0,0,0,1,1,0
C2324,35,0,ANDAMAN,Urban,Others,172,86,86,15,9,6,23,6,17,20,8,12,46,28,18,4,1,3,24,13,11,34,18,16,6,3,3
,,,,,,,,,,,,,,,,,,,,,,,,,,,,,,,,
